0 0 10 0
1 0 20 0
2 1 30 0
3 1 40 0
4 2 50 0
5 2 60 0
6 4 88 0
7 7 115 0
8 8 125 0
9 11 158 0
10 14 184 0
11 15 194 0
12 17 208 0
13 25 267 6.25
14 38 351 6.25
15 54 447 6.25
16 65 512 12.5
0 0 10 0
1 0 20 0
2 1 30 0
3 1 40 0
4 2 50 0
5 2 60 0
6 3 70 0
7 4 80 0
8 5 90 0
9 6 100 0
10 12 155 6.25
11 18 208 6.25
12 26 267 6.25
13 34 323 6.25
14 42 376 6.25
15 56 457 6.25
16 67 519 18.75
0 0 10 0
1 0 20 0
2 2 73 6.25
3 4 130 6.25
4 7 186 6.25
5 10 244 6.25
6 14 292 6.25
7 19 357 6.25
8 25 416 6.25
9 33 497 6.25
10 38 544 6.25
11 46 605 6.25
12 52 655 6.25
13 62 722 6.25
14 72 787 6.25
15 81 846 18.75
16 90 903 37.5
0 1 10 0
1 1 20 0
2 1 30 0
3 2 40 0
4 2 50 0
5 3 60 0
6 3 70 0
7 4 80 0
8 5 90 0
9 6 100 0
10 7 110 0
11 14 166 6.25
12 23 233 6.25
13 31 290 6.25
14 42 364 6.25
15 52 424 18.75
16 64 493 37.5
0 0 10 0
1 0 20 0
2 0 30 0
3 1 40 0
4 1 50 0
5 2 60 0
6 5 105 0
7 6 115 0
8 7 125 0
9 8 135 0
10 10 153 0
11 11 163 0
12 13 173 0
13 17 204 0
14 20 226 0
15 30 288 6.25
16 41 347 18.75
0 0 10 0
1 0 20 0
2 0 30 0
3 1 40 0
4 1 50 0
5 2 60 0
6 4 85 0
7 6 112 0
8 7 130 0
9 11 164 0
10 14 191 0
11 15 201 0
12 18 223 0
13 27 287 6.25
14 36 344 18.75
15 45 400 37.5
16 55 457 37.5
0 1 10 0
1 1 36 0
2 1 46 0
3 2 56 0
4 2 66 0
5 3 76 0
6 4 86 0
7 8 142 6.25
8 15 217 6.25
9 25 314 6.25
10 34 392 6.25
11 42 458 6.25
12 51 525 6.25
13 60 592 6.25
14 70 657 18.75
15 80 715 37.5
16 90 772 37.5
0 0 10 0
1 0 20 0
2 1 30 0
3 1 40 0
4 1 50 0
5 2 60 0
6 3 70 0
7 4 80 0
8 5 90 0
9 6 100 0
10 7 113 0
11 8 123 0
12 18 191 6.25
13 29 269 6.25
14 37 325 18.75
15 57 443 12.5
16 67 499 25
0 0 10 0
1 1 20 0
2 1 30 0
3 1 40 0
4 2 50 0
5 2 60 0
6 3 70 0
7 4 80 0
8 5 90 0
9 8 119 0
10 10 139 0
11 16 187 0
12 17 197 0
13 21 221 0
14 32 291 6.25
15 40 345 18.75
16 50 404 37.5
0 0 10 0
1 0 20 0
2 0 30 0
3 1 40 0
4 2 63 0
5 3 73 0
6 3 83 0
7 5 102 0
8 7 126 0
9 8 136 0
10 9 146 0
11 10 156 0
12 12 166 0
13 15 188 0
14 24 251 6.25
15 35 314 18.75
16 44 370 18.75
0 0 10 0
1 1 20 0
2 1 30 0
3 1 40 0
4 2 50 0
5 2 60 0
6 2 70 0
7 3 80 0
8 4 90 0
9 5 100 0
10 6 110 0
11 7 120 0
12 9 130 0
13 11 148 0
14 21 213 6.25
15 34 293 6.25
16 44 349 18.75
0 0 10 0
1 0 20 0
2 0 30 0
3 1 40 0
4 1 50 0
5 3 80 0
6 4 90 0
7 5 100 0
8 6 118 0
9 7 128 0
10 8 138 0
11 10 154 0
12 17 210 0
13 21 238 0
14 25 262 0
15 26 272 0
16 37 332 6.25
0 0 10 0
1 0 20 0
2 0 30 0
3 1 52 0
4 2 62 0
5 2 72 0
6 3 82 0
7 4 92 0
8 5 102 0
9 8 138 0
10 10 148 0
11 17 210 6.25
12 28 297 6.25
13 40 386 6.25
14 49 446 6.25
15 58 502 18.75
16 75 596 18.75
0 0 10 0
1 0 20 0
2 0 30 0
3 1 42 0
4 1 52 0
5 2 62 0
6 4 87 0
7 5 97 0
8 5 107 0
9 7 117 0
10 8 131 0
11 10 148 0
12 11 158 0
13 13 177 0
14 15 187 0
15 24 247 6.25
16 33 297 18.75
0 0 10 0
1 0 20 0
2 1 42 0
3 2 52 0
4 2 62 0
5 4 99 0
6 5 109 0
7 6 119 0
8 12 181 6.25
9 17 237 6.25
10 25 307 6.25
11 33 374 6.25
12 42 441 6.25
13 50 495 6.25
14 59 552 6.25
15 69 616 6.25
16 80 682 18.75
0 0 10 0
1 1 20 0
2 1 30 0
3 1 40 0
4 2 50 0
5 3 64 0
6 3 74 0
7 5 89 0
8 7 112 0
9 8 122 0
10 14 177 6.25
11 23 248 6.25
12 30 307 18.75
13 39 367 37.5
14 55 472 25
15 66 538 25
16 76 596 25
0 0 10 0
1 0 20 0
2 1 38 0
3 1 55 0
4 2 65 0
5 2 75 0
6 3 85 0
7 6 116 0
8 7 126 0
9 8 136 0
10 11 170 0
11 13 180 0
12 14 190 0
13 15 200 0
14 18 215 0
15 20 230 0
16 31 291 6.25
0 0 10 0
1 0 36 0
2 1 51 0
3 1 64 0
4 2 74 0
5 3 84 0
6 4 101 0
7 9 171 6.25
8 14 225 6.25
9 20 282 6.25
10 27 343 6.25
11 35 409 6.25
12 46 491 6.25
13 54 551 6.25
14 64 616 6.25
15 74 675 18.75
16 85 738 37.5
0 0 10 0
1 0 20 0
2 1 36 0
3 1 46 0
4 2 56 0
5 3 71 0
6 3 81 0
7 4 91 0
8 5 104 0
9 6 114 0
10 7 124 0
11 9 134 0
12 12 163 0
13 13 173 0
14 14 183 0
15 20 214 0
16 30 273 6.25
0 0 10 0
1 0 20 0
2 0 30 0
3 1 49 0
4 2 64 0
5 3 74 0
6 4 93 0
7 5 103 0
8 6 121 0
9 12 174 0
10 15 205 0
11 18 226 0
12 19 236 0
13 21 246 0
14 30 307 6.25
15 41 373 6.25
16 52 437 18.75
0 0 10 0
1 0 20 0
2 0 30 0
3 1 40 0
4 1 50 0
5 2 60 0
6 3 81 0
7 5 98 0
8 6 114 0
9 8 135 0
10 10 152 0
11 12 162 0
12 13 172 0
13 23 244 6.25
14 32 303 18.75
15 50 416 18.75
16 61 477 37.5
0 0 10 0
1 0 20 0
2 0 30 0
3 0 40 0
4 0 50 0
5 1 60 0
6 3 81 0
7 4 96 0
8 9 155 6.25
9 17 227 6.25
10 23 285 6.25
11 30 342 6.25
12 38 403 6.25
13 46 461 18.75
14 56 527 18.75
15 66 586 37.5
16 75 639 37.5
0 0 10 0
1 0 20 0
2 1 30 0
3 1 40 0
4 2 50 0
5 2 60 0
6 3 77 0
7 4 87 0
8 6 104 0
9 7 114 0
10 11 154 0
11 14 173 0
12 20 223 6.25
13 29 282 18.75
14 51 427 12.5
15 60 483 25
16 71 545 43.75
0 0 10 0
1 0 20 0
2 0 30 0
3 1 40 0
4 1 50 0
5 2 60 0
6 3 70 0
7 3 80 0
8 4 90 0
9 5 100 0
10 7 116 0
11 8 126 0
12 10 136 0
13 12 155 0
14 14 165 0
15 16 175 0
16 25 228 6.25
0 0 10 0
1 0 20 0
2 0 30 0
3 1 40 0
4 2 56 0
5 2 66 0
6 3 76 0
7 4 86 0
8 7 125 0
9 8 135 0
10 12 169 0
11 17 208 0
12 25 267 6.25
13 37 355 6.25
14 46 414 18.75
15 56 475 37.5
16 66 531 62.5
0 0 10 0
1 0 20 0
2 0 30 0
3 1 43 0
4 1 53 0
5 3 79 0
6 4 89 0
7 5 105 0
8 6 115 0
9 9 142 0
10 11 157 0
11 12 167 0
12 13 177 0
13 14 187 0
14 23 248 6.25
15 33 310 18.75
16 42 365 37.5
0 0 10 0
1 1 20 0
2 1 30 0
3 1 40 0
4 2 50 0
5 2 60 0
6 4 98 0
7 5 108 0
8 6 118 0
9 7 128 0
10 8 138 0
11 12 166 0
12 13 176 0
13 21 235 6.25
14 31 298 6.25
15 39 350 18.75
16 55 441 18.75
0 0 10 0
1 0 22 0
2 1 32 0
3 1 42 0
4 2 52 0
5 2 62 0
6 3 72 0
7 4 82 0
8 5 92 0
9 6 102 0
10 7 112 0
11 8 122 0
12 14 165 0
13 21 218 0
14 31 281 6.25
15 42 351 6.25
16 51 403 18.75
0 0 10 0
1 0 20 0
2 1 30 0
3 1 40 0
4 2 50 0
5 2 60 0
6 3 70 0
7 4 80 0
8 6 98 0
9 7 108 0
10 9 126 0
11 11 142 0
12 18 200 6.25
13 25 251 6.25
14 36 323 6.25
15 46 383 6.25
16 59 455 6.25
0 0 10 0
1 0 20 0
2 0 30 0
3 1 51 0
4 2 61 0
5 2 71 0
6 3 81 0
7 4 91 0
8 7 126 0
9 8 136 0
10 9 146 0
11 12 165 0
12 17 205 0
13 20 230 0
14 30 295 6.25
15 39 351 18.75
16 49 408 37.5
0 0 10 0
1 1 28 0
2 1 38 0
3 2 70 0
4 3 85 0
5 4 95 0
6 4 105 0
7 10 169 6.25
8 15 227 6.25
9 21 282 6.25
10 27 341 6.25
11 36 410 6.25
12 44 474 6.25
13 58 573 6.25
14 71 659 6.25
15 82 724 18.75
16 96 807 18.75
0 0 10 0
1 0 28 0
2 1 38 0
3 1 53 0
4 2 63 0
5 3 73 0
6 3 83 0
7 4 93 0
8 5 103 0
9 7 119 0
10 8 129 0
11 9 141 0
12 16 194 6.25
13 25 259 6.25
14 35 329 6.25
15 44 383 18.75
16 54 439 18.75
0 0 10 0
1 0 20 0
2 0 34 0
3 1 44 0
4 1 54 0
5 2 64 0
6 3 74 0
7 4 84 0
8 4 94 0
9 5 104 0
10 7 114 0
11 10 140 0
12 12 159 0
13 15 179 0
14 24 238 6.25
15 33 295 6.25
16 43 350 18.75
0 0 10 0
1 0 20 0
2 0 30 0
3 1 40 0
4 1 50 0
5 3 71 0
6 7 132 6.25
7 12 193 6.25
8 17 251 6.25
9 24 318 6.25
10 30 375 6.25
11 36 425 18.75
12 49 530 18.75
13 57 585 18.75
14 72 684 12.5
15 81 739 25
16 91 797 25
0 0 10 0
1 1 20 0
2 1 30 0
3 1 40 0
4 2 50 0
5 3 60 0
6 3 70 0
7 4 80 0
8 5 90 0
9 6 100 0
10 10 138 0
11 15 177 0
12 20 212 0
13 27 261 0
14 36 321 6.25
15 49 402 6.25
16 60 466 18.75
0 0 10 0
1 0 28 0
2 0 38 0
3 0 48 0
4 1 58 0
5 1 68 0
6 4 98 0
7 4 108 0
8 6 122 0
9 7 135 0
10 8 145 0
11 9 155 0
12 11 165 0
13 12 175 0
14 23 244 6.25
15 32 304 6.25
16 45 376 18.75
0 0 10 0
1 0 20 0
2 0 30 0
3 1 40 0
4 2 62 0
5 3 72 0
6 3 82 0
7 4 92 0
8 5 102 0
9 6 112 0
10 7 122 0
11 9 136 0
12 10 146 0
13 12 156 0
14 16 183 0
15 24 233 6.25
16 34 289 18.75
0 0 10 0
1 0 20 0
2 0 30 0
3 2 62 0
4 2 72 0
5 3 82 0
6 4 102 0
7 5 112 0
8 6 122 0
9 7 132 0
10 8 142 0
11 12 178 0
12 19 231 0
13 28 290 6.25
14 36 346 18.75
15 45 397 37.5
16 55 459 37.5
0 0 10 0
1 1 20 0
2 1 30 0
3 1 40 0
4 2 50 0
5 2 60 0
6 3 70 0
7 4 80 0
8 5 90 0
9 6 100 0
10 8 122 0
11 16 185 6.25
12 23 239 6.25
13 31 294 6.25
14 40 351 18.75
15 47 399 37.5
16 58 458 62.5
0 0 10 0
1 0 20 0
2 0 30 0
3 1 48 0
4 3 91 0
5 4 109 0
6 5 119 0
7 6 129 0
8 7 139 0
9 9 157 0
10 10 167 0
11 11 177 0
12 12 187 0
13 21 245 6.25
14 30 308 6.25
15 39 364 6.25
16 50 424 6.25
0 0 10 0
1 0 20 0
2 0 30 0
3 1 40 0
4 1 50 0
5 2 60 0
6 3 70 0
7 5 100 0
8 6 110 0
9 8 126 0
10 14 181 0
11 15 191 0
12 16 201 0
13 20 229 0
14 29 285 6.25
15 39 349 18.75
16 48 401 37.5
0 0 10 0
1 0 20 0
2 1 30 0
3 1 40 0
4 2 61 0
5 3 71 0
6 4 81 0
7 5 102 0
8 6 112 0
9 7 122 0
10 9 138 0
11 13 166 0
12 16 190 0
13 24 246 6.25
14 31 297 6.25
15 45 382 6.25
16 56 443 18.75
0 0 10 0
1 0 20 0
2 0 30 0
3 1 40 0
4 1 50 0
5 2 60 0
6 3 70 0
7 3 80 0
8 4 90 0
9 5 100 0
10 6 110 0
11 8 120 0
12 16 179 6.25
13 26 251 6.25
14 34 307 6.25
15 44 368 6.25
16 55 430 6.25
0 0 10 0
1 0 20 0
2 1 30 0
3 1 40 0
4 1 50 0
5 2 60 0
6 3 70 0
7 4 80 0
8 5 90 0
9 6 100 0
10 7 110 0
11 12 157 0
12 14 169 0
13 21 219 6.25
14 30 277 18.75
15 39 332 37.5
16 49 389 37.5
0 0 10 0
1 0 20 0
2 0 30 0
3 1 40 0
4 1 50 0
5 2 60 0
6 3 75 0
7 6 115 0
8 9 150 0
9 10 160 0
10 12 186 0
11 14 196 0
12 15 206 0
13 23 259 6.25
14 31 318 6.25
15 43 389 6.25
16 59 479 6.25
0 0 10 0
1 0 20 0
2 0 30 0
3 1 40 0
4 1 50 0
5 2 60 0
6 3 70 0
7 3 80 0
8 4 90 0
9 5 100 0
10 7 116 0
11 11 145 0
12 12 155 0
13 18 194 0
14 21 217 0
15 31 279 6.25
16 42 340 18.75
0 0 10 0
1 0 20 0
2 0 30 0
3 1 40 0
4 1 50 0
5 3 83 0
6 4 93 0
7 5 103 0
8 6 113 0
9 7 123 0
10 8 133 0
11 9 143 0
12 11 153 0
13 19 211 6.25
14 29 276 6.25
15 39 337 18.75
16 49 399 18.75
0 0 10 0
1 1 20 0
2 1 30 0
3 2 51 0
4 2 61 0
5 3 71 0
6 4 81 0
7 5 91 0
8 6 106 0
9 7 116 0
10 9 131 0
11 11 154 0
12 13 164 0
13 21 224 6.25
14 32 293 18.75
15 41 350 37.5
16 49 398 62.5
0 0 10 0
1 1 20 0
2 1 30 0
3 2 45 0
4 2 55 0
5 3 65 0
6 3 75 0
7 4 85 0
8 5 95 0
9 10 142 0
10 15 185 0
11 16 195 0
12 17 205 0
13 26 268 6.25
14 36 333 18.75
15 47 403 18.75
16 58 463 37.5
0 0 10 0
1 0 20 0
2 0 30 0
3 1 40 0
4 1 50 0
5 2 60 0
6 3 79 0
7 4 89 0
8 5 99 0
9 6 109 0
10 9 137 0
11 11 147 0
12 13 165 0
13 14 175 0
14 18 201 0
15 27 256 6.25
16 36 308 18.75
0 0 10 0
1 0 20 0
2 0 30 0
3 0 40 0
4 1 50 0
5 1 60 0
6 2 70 0
7 3 80 0
8 4 94 0
9 5 104 0
10 7 118 0
11 8 128 0
12 9 138 0
13 11 148 0
14 20 206 6.25
15 30 269 18.75
16 39 323 37.5
0 0 10 0
1 1 29 0
2 1 39 0
3 2 55 0
4 2 65 0
5 3 75 0
6 4 85 0
7 4 95 0
8 9 140 0
9 10 150 0
10 11 160 0
11 12 170 0
12 13 180 0
13 17 208 0
14 19 218 0
15 29 282 6.25
16 39 339 18.75
0 0 10 0
1 0 20 0
2 1 32 0
3 1 42 0
4 2 52 0
5 2 62 0
6 3 72 0
7 5 99 0
8 7 116 0
9 12 165 0
10 13 175 0
11 14 185 0
12 18 215 0
13 27 279 6.25
14 37 345 6.25
15 54 448 6.25
16 62 495 18.75
0 0 10 0
1 0 20 0
2 1 30 0
3 1 40 0
4 2 50 0
5 2 60 0
6 3 70 0
7 4 80 0
8 5 90 0
9 6 100 0
10 7 110 0
11 10 133 0
12 12 151 0
13 20 207 6.25
14 31 276 6.25
15 43 351 6.25
16 52 406 6.25
0 0 10 0
1 1 20 0
2 1 30 0
3 1 40 0
4 2 50 0
5 3 63 0
6 3 73 0
7 4 83 0
8 5 93 0
9 6 103 0
10 8 119 0
11 9 129 0
12 14 167 0
13 17 188 0
14 20 208 0
15 31 274 6.25
16 42 337 6.25
0 0 10 0
1 0 20 0
2 1 30 0
3 1 40 0
4 1 50 0
5 2 60 0
6 3 70 0
7 6 109 0
8 7 119 0
9 8 134 0
10 11 155 0
11 18 216 6.25
12 26 275 6.25
13 34 334 6.25
14 46 413 6.25
15 56 474 18.75
16 67 535 37.5
0 0 10 0
1 1 46 0
2 1 59 0
3 2 69 0
4 2 79 0
5 3 89 0
6 3 99 0
7 4 109 0
8 5 119 0
9 6 132 0
10 13 189 6.25
11 21 253 6.25
12 28 306 6.25
13 38 376 6.25
14 48 444 6.25
15 57 501 18.75
16 68 567 18.75
0 1 10 0
1 1 20 0
2 1 30 0
3 2 40 0
4 2 50 0
5 3 60 0
6 3 70 0
7 4 80 0
8 5 90 0
9 6 100 0
10 7 110 0
11 9 126 0
12 11 136 0
13 15 167 0
14 22 210 0
15 33 278 6.25
16 48 367 6.25
0 0 10 0
1 0 20 0
2 0 30 0
3 1 40 0
4 1 50 0
5 3 73 0
6 4 83 0
7 4 93 0
8 6 110 0
9 7 120 0
10 8 130 0
11 12 162 0
12 13 172 0
13 15 182 0
14 20 215 0
15 29 270 6.25
16 39 328 18.75
0 0 10 0
1 0 23 0
2 0 33 0
3 1 43 0
4 1 53 0
5 2 63 0
6 3 73 0
7 4 83 0
8 4 93 0
9 8 125 0
10 10 141 0
11 11 151 0
12 18 209 6.25
13 26 260 6.25
14 34 316 18.75
15 43 373 37.5
16 54 432 62.5
0 0 10 0
1 0 34 0
2 0 44 0
3 0 54 0
4 0 64 0
5 1 74 0
6 2 84 0
7 4 111 0
8 5 121 0
9 6 131 0
10 9 161 0
11 11 171 0
12 12 181 0
13 20 238 6.25
14 29 296 18.75
15 39 357 37.5
16 48 412 62.5
0 0 10 0
1 0 20 0
2 1 30 0
3 1 43 0
4 2 57 0
5 3 67 0
6 4 89 0
7 5 99 0
8 7 116 0
9 8 130 0
10 9 140 0
11 10 150 0
12 11 160 0
13 15 188 0
14 23 242 6.25
15 33 300 6.25
16 44 367 18.75
0 0 10 0
1 1 27 0
2 1 37 0
3 1 47 0
4 2 57 0
5 2 67 0
6 3 77 0
7 4 87 0
8 5 97 0
9 10 147 0
10 14 186 0
11 17 210 0
12 19 220 0
13 20 230 0
14 22 240 0
15 31 300 6.25
16 43 369 18.75
0 0 10 0
1 1 26 0
2 1 36 0
3 2 55 0
4 2 65 0
5 3 75 0
6 4 85 0
7 6 113 0
8 7 127 0
9 8 137 0
10 9 147 0
11 11 157 0
12 12 167 0
13 22 239 6.25
14 36 330 6.25
15 45 387 18.75
16 56 452 37.5
0 1 10 0
1 1 20 0
2 1 30 0
3 2 40 0
4 2 50 0
5 4 84 0
6 5 94 0
7 6 104 0
8 8 126 0
9 10 151 0
10 11 161 0
11 13 171 0
12 15 191 0
13 23 242 0
14 32 302 6.25
15 41 361 18.75
16 51 420 37.5
0 1 10 0
1 1 20 0
2 1 36 0
3 2 46 0
4 2 56 0
5 3 66 0
6 4 76 0
7 4 86 0
8 5 96 0
9 6 106 0
10 7 116 0
11 8 132 0
12 12 159 0
13 21 225 6.25
14 30 284 6.25
15 41 347 18.75
16 50 403 18.75
0 0 10 0
1 1 20 0
2 1 30 0
3 1 40 0
4 2 50 0
5 2 60 0
6 3 70 0
7 4 80 0
8 6 104 0
9 7 114 0
10 8 124 0
11 15 178 6.25
12 23 237 6.25
13 37 339 6.25
14 46 398 6.25
15 58 471 18.75
16 68 528 37.5
0 0 10 0
1 0 20 0
2 1 34 0
3 1 44 0
4 2 54 0
5 3 75 0
6 4 88 0
7 5 105 0
8 7 119 0
9 10 153 0
10 16 203 0
11 21 243 0
12 24 266 0
13 26 281 0
14 27 291 0
15 37 349 6.25
16 47 411 18.75
0 0 10 0
1 1 20 0
2 1 30 0
3 1 40 0
4 3 65 0
5 3 75 0
6 5 99 0
7 6 109 0
8 7 119 0
9 8 132 0
10 9 142 0
11 10 152 0
12 12 162 0
13 19 212 6.25
14 32 301 6.25
15 41 352 18.75
16 51 411 37.5
0 0 10 0
1 0 20 0
2 0 30 0
3 1 40 0
4 1 50 0
5 5 111 6.25
6 10 172 6.25
7 14 229 6.25
8 22 314 6.25
9 32 415 6.25
10 39 471 6.25
11 46 530 6.25
12 56 605 6.25
13 70 706 6.25
14 81 777 6.25
15 90 836 18.75
16 100 899 37.5
0 0 10 0
1 0 20 0
2 1 46 0
3 1 63 0
4 2 73 0
5 2 83 0
6 3 93 0
7 5 116 0
8 6 126 0
9 7 136 0
10 14 201 0
11 17 221 0
12 19 237 0
13 27 292 6.25
14 41 389 6.25
15 52 454 18.75
16 63 519 12.5
0 0 10 0
1 0 20 0
2 0 44 0
3 1 54 0
4 1 64 0
5 2 74 0
6 3 84 0
7 3 94 0
8 4 104 0
9 5 114 0
10 8 135 0
11 11 165 0
12 13 178 0
13 15 188 0
14 16 198 0
15 26 262 6.25
16 37 325 18.75
0 0 10 0
1 1 20 0
2 1 30 0
3 1 40 0
4 2 57 0
5 3 67 0
6 4 77 0
7 7 124 0
8 11 173 0
9 12 183 0
10 18 237 6.25
11 25 291 6.25
12 33 354 6.25
13 43 420 12.5
14 51 478 12.5
15 61 538 12.5
16 72 600 25
0 0 10 0
1 1 51 0
2 1 61 0
3 1 71 0
4 2 81 0
5 3 96 0
6 4 106 0
7 5 116 0
8 5 126 0
9 9 162 0
10 10 172 0
11 17 227 6.25
12 26 298 6.25
13 34 353 6.25
14 42 407 6.25
15 51 460 6.25
16 61 521 18.75
0 0 10 0
1 0 36 0
2 0 46 0
3 1 56 0
4 1 66 0
5 3 95 0
6 4 105 0
7 5 115 0
8 8 152 0
9 14 213 6.25
10 21 271 6.25
11 29 339 6.25
12 38 408 6.25
13 48 479 6.25
14 57 536 6.25
15 69 607 6.25
16 82 687 6.25
0 1 10 0
1 1 20 0
2 1 30 0
3 2 40 0
4 2 50 0
5 3 66 0
6 4 76 0
7 5 89 0
8 6 99 0
9 7 109 0
10 8 119 0
11 12 149 0
12 13 159 0
13 15 174 0
14 17 184 0
15 27 250 6.25
16 37 304 18.75
0 0 10 0
1 0 20 0
2 0 30 0
3 1 40 0
4 1 50 0
5 3 73 0
6 4 97 0
7 5 107 0
8 6 117 0
9 8 139 0
10 10 149 0
11 11 159 0
12 18 212 0
13 21 238 0
14 23 248 0
15 25 258 0
16 26 268 0
0 0 10 0
1 1 20 0
2 1 30 0
3 1 40 0
4 2 50 0
5 3 60 0
6 3 70 0
7 4 80 0
8 8 124 0
9 10 141 0
10 11 151 0
11 13 170 0
12 15 180 0
13 24 246 6.25
14 33 304 6.25
15 47 389 6.25
16 56 445 6.25
0 0 10 0
1 1 20 0
2 1 30 0
3 1 40 0
4 2 62 0
5 2 72 0
6 3 82 0
7 4 92 0
8 5 102 0
9 8 133 0
10 11 164 0
11 15 197 0
12 19 228 0
13 22 249 0
14 32 310 6.25
15 41 366 18.75
16 52 429 37.5
0 0 10 0
1 0 20 0
2 0 30 0
3 1 40 0
4 1 50 0
5 2 60 0
6 3 70 0
7 3 80 0
8 4 90 0
9 5 100 0
10 8 124 0
11 11 149 0
12 20 215 6.25
13 29 277 6.25
14 38 342 6.25
15 50 414 18.75
16 61 475 18.75
0 0 10 0
1 0 20 0
2 0 30 0
3 1 40 0
4 1 50 0
5 2 64 0
6 3 74 0
7 4 84 0
8 5 94 0
9 6 104 0
10 7 114 0
11 8 124 0
12 13 159 0
13 18 195 0
14 19 205 0
15 21 215 0
16 31 275 6.25
0 0 10 0
1 1 20 0
2 1 30 0
3 1 40 0
4 2 50 0
5 2 60 0
6 2 70 0
7 3 80 0
8 6 111 0
9 7 121 0
10 10 147 0
11 17 206 6.25
12 25 266 18.75
13 33 324 18.75
14 43 389 18.75
15 53 449 18.75
16 63 509 18.75
0 0 10 0
1 0 20 0
2 1 30 0
3 1 40 0
4 2 50 0
5 2 60 0
6 4 83 0
7 5 100 0
8 6 110 0
9 9 132 0
10 14 180 0
11 20 232 6.25
12 30 305 6.25
13 38 362 6.25
14 47 423 18.75
15 56 480 37.5
16 66 539 37.5
0 0 10 0
1 0 20 0
2 0 30 0
3 1 40 0
4 1 50 0
5 2 60 0
6 3 70 0
7 4 80 0
8 4 90 0
9 5 100 0
10 7 114 0
11 9 134 0
12 10 144 0
13 19 206 0
14 23 236 0
15 30 278 0
16 40 334 6.25
0 0 10 0
1 0 20 0
2 1 40 0
3 1 50 0
4 2 60 0
5 2 70 0
6 3 80 0
7 5 111 0
8 6 121 0
9 7 131 0
10 9 141 0
11 12 166 0
12 13 176 0
13 14 186 0
14 18 207 0
15 28 271 6.25
16 38 332 18.75
0 1 10 0
1 1 39 0
2 1 49 0
3 2 64 0
4 3 90 0
5 4 100 0
6 5 110 0
7 6 120 0
8 7 130 0
9 12 188 6.25
10 19 246 6.25
11 31 347 6.25
12 41 422 6.25
13 51 492 18.75
14 61 559 18.75
15 71 621 37.5
16 81 677 62.5
0 0 10 0
1 0 20 0
2 1 55 0
3 2 65 0
4 2 75 0
5 3 85 0
6 4 95 0
7 7 131 0
8 8 141 0
9 12 182 0
10 13 192 0
11 14 202 0
12 18 231 0
13 19 241 0
14 29 307 0
15 35 339 0
16 44 394 6.25
0 0 10 0
1 0 20 0
2 1 35 0
3 1 45 0
4 2 59 0
5 3 69 0
6 3 79 0
7 4 89 0
8 5 99 0
9 6 109 0
10 7 119 0
11 9 129 0
12 10 139 0
13 11 149 0
14 20 209 6.25
15 32 282 18.75
16 42 341 37.5
0 1 10 0
1 1 20 0
2 1 30 0
3 2 40 0
4 2 50 0
5 3 60 0
6 3 70 0
7 4 80 0
8 6 104 0
9 7 114 0
10 10 136 0
11 11 146 0
12 13 159 0
13 18 195 0
14 28 258 6.25
15 39 328 18.75
16 48 383 37.5
0 0 10 0
1 1 20 0
2 1 30 0
3 2 54 0
4 3 64 0
5 3 74 0
6 5 94 0
7 5 104 0
8 6 114 0
9 7 124 0
10 9 134 0
11 10 144 0
12 18 203 6.25
13 33 310 6.25
14 42 373 6.25
15 52 435 6.25
16 66 513 6.25
0 0 10 0
1 0 20 0
2 0 30 0
3 1 40 0
4 3 89 6.25
5 7 143 6.25
6 11 203 6.25
7 16 262 6.25
8 22 329 6.25
9 30 412 6.25
10 38 483 6.25
11 45 537 6.25
12 59 643 6.25
13 69 711 6.25
14 78 772 6.25
15 88 835 18.75
16 97 888 18.75
0 0 10 0
1 1 20 0
2 1 30 0
3 1 40 0
4 2 50 0
5 2 60 0
6 3 70 0
7 4 80 0
8 6 107 0
9 7 117 0
10 9 127 0
11 10 137 0
12 11 147 0
13 19 199 0
14 20 209 0
15 30 271 6.25
16 40 327 18.75
0 0 10 0
1 0 20 0
2 0 30 0
3 1 40 0
4 1 50 0
5 2 60 0
6 3 70 0
7 4 80 0
8 5 90 0
9 6 100 0
10 7 110 0
11 8 120 0
12 11 144 0
13 17 183 0
14 18 193 0
15 24 229 0
16 34 286 6.25
0 0 10 0
1 0 20 0
2 0 30 0
3 1 40 0
4 3 72 0
5 3 82 0
6 5 107 0
7 6 117 0
8 7 132 0
9 8 142 0
10 9 152 0
11 10 162 0
12 13 187 0
13 18 221 0
14 24 258 0
15 33 314 6.25
16 43 372 18.75
0 0 10 0
1 0 20 0
2 0 30 0
3 1 40 0
4 1 50 0
5 2 60 0
6 3 70 0
7 4 80 0
8 4 90 0
9 6 100 0
10 7 110 0
11 8 124 0
12 14 165 0
13 18 197 0
14 27 254 6.25
15 38 321 18.75
16 53 408 18.75
0 0 10 0
1 0 28 0
2 1 38 0
3 1 48 0
4 2 58 0
5 4 95 0
6 5 105 0
7 6 125 0
8 7 135 0
9 10 167 0
10 13 192 0
11 16 213 0
12 19 238 0
13 21 251 0
14 23 261 0
15 26 284 0
16 36 340 6.25
0 0 10 0
1 0 20 0
2 1 30 0
3 2 60 0
4 2 70 0
5 4 91 0
6 4 101 0
7 7 129 0
8 8 139 0
9 9 149 0
10 10 159 0
11 17 220 6.25
12 27 296 6.25
13 36 356 6.25
14 52 463 6.25
15 69 566 6.25
16 80 630 18.75
0 0 10 0
1 0 20 0
2 0 30 0
3 1 40 0
4 1 50 0
5 2 60 0
6 3 70 0
7 3 80 0
8 5 101 0
9 6 111 0
10 9 132 0
11 10 142 0
12 15 180 0
13 20 212 0
14 29 275 6.25
15 39 337 18.75
16 49 392 37.5
0 0 10 0
1 0 20 0
2 0 30 0
3 1 40 0
4 2 56 0
5 2 66 0
6 3 76 0
7 4 86 0
8 5 96 0
9 6 106 0
10 13 167 6.25
11 21 233 6.25
12 28 291 6.25
13 38 360 6.25
14 48 427 6.25
15 64 523 6.25
16 75 586 18.75
0 0 10 0
1 0 20 0
2 0 30 0
3 1 52 0
4 2 67 0
5 3 77 0
6 3 87 0
7 4 97 0
8 6 116 0
9 7 126 0
10 8 136 0
11 15 194 6.25
12 26 280 6.25
13 33 333 6.25
14 43 398 6.25
15 51 450 6.25
16 62 513 18.75
