0 0 10 0
1 0 20 0
2 0 30 0
3 1 40 0
4 1 50 0
5 2 60 0
6 3 70 0
7 3 80 0
8 4 90 0
9 5 100 0
10 8 125 0
11 9 135 0
12 18 192 0
13 19 202 0
14 25 236 0
15 36 304 6.25
16 50 377 6.25
0 0 10 0
1 0 20 0
2 1 30 0
3 4 98 0
4 6 126 0
5 6 136 0
6 7 146 0
7 8 156 0
8 9 166 0
9 10 176 0
10 11 186 0
11 14 212 0
12 16 222 0
13 22 260 0
14 23 270 0
15 27 290 0
16 41 367 6.25
0 0 10 0
1 1 20 0
2 1 30 0
3 2 50 0
4 3 60 0
5 3 70 0
6 4 80 0
7 5 90 0
8 8 125 0
9 9 135 0
10 12 163 0
11 18 210 0
12 19 220 0
13 21 230 0
14 22 240 0
15 24 250 0
16 30 284 0
0 0 10 0
1 0 43 0
2 1 63 0
3 2 73 0
4 2 83 0
5 3 93 0
6 4 103 0
7 4 113 0
8 5 123 0
9 6 133 0
10 7 143 0
11 18 220 6.25
12 35 343 6.25
13 48 427 6.25
14 67 545 6.25
15 91 682 6.25
16 121 845 6.25
0 1 10 0
1 1 20 0
2 1 30 0
3 1 40 0
4 2 50 0
5 3 60 0
6 3 70 0
7 4 80 0
8 5 90 0
9 9 128 0
10 13 163 0
11 14 173 0
12 16 183 0
13 17 193 0
14 19 203 0
15 32 278 6.25
16 44 346 18.75
0 0 10 0
1 1 20 0
2 1 30 0
3 1 40 0
4 2 50 0
5 2 60 0
6 3 70 0
7 4 80 0
8 6 99 0
9 7 109 0
10 10 137 0
11 19 202 6.25
12 43 374 6.25
13 53 439 18.75
14 76 577 12.5
15 85 633 25
16 95 683 25
0 0 10 0
1 1 20 0
2 1 40 0
3 2 50 0
4 2 60 0
5 3 79 0
6 11 181 6.25
7 22 309 6.25
8 33 422 6.25
9 46 542 6.25
10 59 660 6.25
11 74 779 6.25
12 90 894 6.25
13 99 947 6.25
14 113 1033 6.25
15 124 1097 12.5
16 136 1161 25
0 0 10 0
1 0 20 0
2 0 30 0
3 1 40 0
4 1 50 0
5 2 60 0
6 3 70 0
7 4 89 0
8 6 108 0
9 9 133 0
10 10 143 0
11 13 172 0
12 14 182 0
13 23 240 6.25
14 34 310 6.25
15 51 409 6.25
16 62 461 18.75
0 0 10 0
1 0 20 0
2 0 30 0
3 1 40 0
4 1 50 0
5 2 60 0
6 4 89 0
7 7 121 0
8 8 131 0
9 11 160 0
10 12 170 0
11 13 180 0
12 20 227 0
13 28 285 0
14 37 340 6.25
15 47 394 18.75
16 60 460 18.75
0 0 10 0
1 1 20 0
2 1 30 0
3 1 40 0
4 2 50 0
5 2 60 0
6 3 70 0
7 4 80 0
8 5 90 0
9 6 100 0
10 9 127 0
11 15 173 0
12 25 246 6.25
13 40 347 6.25
14 52 416 6.25
15 76 553 6.25
16 88 620 6.25
0 0 10 0
1 1 20 0
2 2 62 0
3 2 72 0
4 3 82 0
5 4 92 0
6 4 102 0
7 5 112 0
8 7 132 0
9 8 142 0
10 10 162 0
11 12 172 0
12 13 182 0
13 19 223 0
14 26 264 0
15 41 353 6.25
16 58 437 6.25
0 0 10 0
1 0 20 0
2 0 30 0
3 1 40 0
4 1 50 0
5 2 60 0
6 3 70 0
7 4 80 0
8 5 90 0
9 9 133 0
10 10 143 0
11 13 163 0
12 14 173 0
13 17 193 0
14 18 203 0
15 26 246 0
16 39 322 6.25
0 0 10 0
1 0 20 0
2 1 55 0
3 2 65 0
4 2 75 0
5 3 85 0
6 4 95 0
7 5 105 0
8 6 115 0
9 7 125 0
10 8 135 0
11 9 145 0
12 15 187 0
13 16 197 0
14 23 238 0
15 33 300 6.25
16 44 361 6.25
0 0 10 0
1 0 20 0
2 1 30 0
3 1 40 0
4 2 50 0
5 2 60 0
6 3 70 0
7 4 80 0
8 5 90 0
9 7 109 0
10 8 119 0
11 9 129 0
12 17 188 0
13 22 223 0
14 26 250 0
15 39 322 6.25
16 50 386 6.25
0 0 10 0
1 0 20 0
2 1 54 0
3 2 64 0
4 2 74 0
5 3 84 0
6 4 103 0
7 5 113 0
8 8 146 0
9 12 182 0
10 15 212 0
11 16 222 0
12 25 286 0
13 33 339 6.25
14 46 417 6.25
15 70 563 6.25
16 94 692 6.25
0 0 10 0
1 0 20 0
2 0 30 0
3 1 40 0
4 1 50 0
5 2 60 0
6 3 80 0
7 4 90 0
8 5 100 0
9 6 110 0
10 9 136 0
11 10 146 0
12 14 172 0
13 18 201 0
14 29 263 6.25
15 41 335 6.25
16 67 472 6.25
0 0 10 0
1 0 20 0
2 0 30 0
3 1 40 0
4 1 50 0
5 2 60 0
6 2 70 0
7 5 98 0
8 6 108 0
9 7 118 0
10 8 128 0
11 11 156 0
12 20 221 0
13 22 231 0
14 30 285 0
15 32 295 0
16 45 369 6.25
0 0 10 0
1 0 29 0
2 4 149 6.25
3 9 269 6.25
4 15 384 6.25
5 22 504 6.25
6 31 623 6.25
7 41 743 6.25
8 52 853 6.25
9 59 920 6.25
10 72 1037 6.25
11 86 1147 6.25
12 100 1252 6.25
13 120 1392 6.25
14 130 1452 6.25
15 140 1512 6.25
16 154 1586 18.75
0 0 10 0
1 0 20 0
2 1 30 0
3 2 65 0
4 3 75 0
5 4 104 0
6 5 114 0
7 6 124 0
8 8 150 0
9 13 190 0
10 15 210 0
11 22 265 0
12 29 320 0
13 33 346 0
14 44 416 6.25
15 54 473 18.75
16 62 519 37.5
0 0 10 0
1 0 20 0
2 2 58 0
3 2 68 0
4 3 88 0
5 4 98 0
6 5 118 0
7 6 128 0
8 8 155 0
9 10 175 0
10 13 195 0
11 14 205 0
12 19 245 0
13 28 305 6.25
14 45 403 6.25
15 56 470 18.75
16 66 527 37.5
0 0 10 0
1 0 20 0
2 0 30 0
3 1 40 0
4 2 69 0
5 3 89 0
6 4 99 0
7 5 109 0
8 6 119 0
9 8 139 0
10 9 149 0
11 10 159 0
12 12 169 0
13 13 179 0
14 26 261 6.25
15 37 326 6.25
16 50 396 18.75
0 0 10 0
1 0 30 0
2 0 40 0
3 1 50 0
4 3 83 0
5 3 93 0
6 5 120 0
7 10 171 0
8 12 199 0
9 13 209 0
10 14 219 0
11 26 308 6.25
12 42 427 6.25
13 51 489 18.75
14 70 609 18.75
15 79 665 37.5
16 86 702 62.5
0 1 10 0
1 1 20 0
2 1 30 0
3 2 40 0
4 2 50 0
5 3 60 0
6 4 80 0
7 5 90 0
8 6 100 0
9 7 110 0
10 8 120 0
11 13 161 0
12 15 171 0
13 16 181 0
14 18 191 0
15 19 201 0
16 29 256 0
0 0 10 0
1 1 20 0
2 1 30 0
3 1 40 0
4 2 50 0
5 3 70 0
6 5 90 0
7 5 100 0
8 7 119 0
9 8 129 0
10 12 163 0
11 13 173 0
12 23 248 0
13 33 308 6.25
14 50 420 6.25
15 72 552 6.25
16 85 625 18.75
0 0 10 0
1 1 20 0
2 1 30 0
3 1 40 0
4 2 50 0
5 3 70 0
6 4 80 0
7 5 90 0
8 6 100 0
9 7 110 0
10 8 120 0
11 9 130 0
12 12 150 0
13 16 179 0
14 29 260 6.25
15 51 390 6.25
16 63 459 18.75
0 0 10 0
1 0 20 0
2 1 30 0
3 2 59 0
4 2 69 0
5 4 98 0
6 5 108 0
7 8 147 0
8 9 157 0
9 10 167 0
10 11 177 0
11 12 187 0
12 14 197 0
13 21 246 0
14 30 302 6.25
15 43 382 18.75
16 51 427 18.75
0 0 10 0
1 0 20 0
2 0 30 0
3 1 40 0
4 1 50 0
5 2 60 0
6 4 87 0
7 5 107 0
8 6 117 0
9 7 127 0
10 11 156 0
11 12 166 0
12 13 176 0
13 16 195 0
14 28 268 6.25
15 39 333 18.75
16 49 390 37.5
0 0 10 0
1 0 20 0
2 1 40 0
3 2 60 0
4 2 70 0
5 3 80 0
6 4 90 0
7 4 100 0
8 6 120 0
9 7 130 0
10 8 140 0
11 10 150 0
12 21 234 6.25
13 30 291 6.25
14 54 443 6.25
15 64 501 6.25
16 78 580 6.25
0 0 10 0
1 1 20 0
2 1 30 0
3 1 40 0
4 2 50 0
5 4 78 0
6 4 88 0
7 5 98 0
8 8 126 0
9 9 136 0
10 10 146 0
11 12 166 0
12 14 176 0
13 19 209 0
14 23 237 0
15 36 318 6.25
16 48 382 18.75
0 0 10 0
1 1 29 0
2 1 39 0
3 2 49 0
4 4 94 0
5 5 104 0
6 5 114 0
7 7 134 0
8 8 144 0
9 13 190 0
10 14 200 0
11 20 245 0
12 30 317 0
13 39 378 0
14 48 438 6.25
15 58 495 18.75
16 65 534 37.5
0 0 10 0
1 0 20 0
2 0 30 0
3 1 40 0
4 1 50 0
5 2 60 0
6 3 70 0
7 3 80 0
8 4 90 0
9 5 100 0
10 6 110 0
11 15 174 6.25
12 24 240 6.25
13 41 353 6.25
14 60 480 18.75
15 70 534 18.75
16 89 642 18.75
0 0 10 0
1 0 20 0
2 2 52 0
3 2 72 0
4 3 82 0
5 3 92 0
6 4 102 0
7 5 112 0
8 6 122 0
9 9 149 0
10 10 159 0
11 17 215 0
12 18 225 0
13 23 260 0
14 37 344 6.25
15 64 504 6.25
16 77 574 18.75
0 0 10 0
1 1 20 0
2 2 58 0
3 2 68 0
4 3 78 0
5 3 88 0
6 5 107 0
7 9 154 0
8 10 164 0
9 11 174 0
10 12 184 0
11 20 246 0
12 24 275 0
13 30 317 0
14 42 396 0
15 45 415 0
16 58 485 6.25
0 0 10 0
1 1 20 0
2 1 30 0
3 1 40 0
4 2 50 0
5 3 70 0
6 4 80 0
7 5 90 0
8 5 100 0
9 6 110 0
10 9 140 0
11 10 150 0
12 14 180 0
13 15 190 0
14 23 245 0
15 34 309 0
16 36 319 0
0 0 10 0
1 0 29 0
2 0 39 0
3 1 49 0
4 1 59 0
5 2 69 0
6 3 79 0
7 3 89 0
8 4 99 0
9 8 135 0
10 10 154 0
11 25 274 6.25
12 42 394 6.25
13 67 560 6.25
14 76 617 18.75
15 83 655 18.75
16 92 703 18.75
0 0 10 0
1 0 20 0
2 0 40 0
3 1 50 0
4 2 70 0
5 2 80 0
6 3 90 0
7 4 100 0
8 5 110 0
9 7 130 0
10 8 140 0
11 9 150 0
12 12 169 0
13 16 197 0
14 17 207 0
15 30 283 6.25
16 39 328 18.75
0 0 10 0
1 0 20 0
2 1 30 0
3 1 40 0
4 2 50 0
5 2 60 0
6 3 70 0
7 4 80 0
8 5 90 0
9 6 100 0
10 11 144 0
11 13 164 0
12 15 174 0
13 16 184 0
14 30 272 6.25
15 37 316 18.75
16 48 376 37.5
0 0 10 0
1 0 20 0
2 0 30 0
3 1 40 0
4 1 50 0
5 2 60 0
6 2 70 0
7 3 80 0
8 4 90 0
9 6 110 0
10 9 137 0
11 15 188 0
12 23 242 0
13 30 290 0
14 41 362 0
15 55 447 6.25
16 64 498 18.75
0 0 10 0
1 0 20 0
2 1 30 0
3 1 40 0
4 2 50 0
5 3 70 0
6 4 80 0
7 7 116 0
8 8 126 0
9 9 136 0
10 13 174 0
11 21 236 6.25
12 33 325 6.25
13 51 454 6.25
14 60 509 12.5
15 71 571 25
16 79 618 43.75
0 0 10 0
1 0 20 0
2 1 30 0
3 1 40 0
4 1 50 0
5 2 60 0
6 3 70 0
7 4 80 0
8 5 90 0
9 6 100 0
10 11 144 0
11 19 204 6.25
12 36 330 6.25
13 63 512 6.25
14 75 588 6.25
15 86 649 6.25
16 96 702 18.75
0 0 10 0
1 1 20 0
2 1 30 0
3 1 40 0
4 2 50 0
5 2 60 0
6 3 70 0
7 4 80 0
8 5 90 0
9 6 100 0
10 7 110 0
11 10 130 0
12 11 140 0
13 21 205 0
14 28 248 0
15 31 268 0
16 44 341 6.25
0 0 10 0
1 0 20 0
2 0 30 0
3 1 40 0
4 1 50 0
5 2 60 0
6 3 79 0
7 10 151 6.25
8 24 297 6.25
9 31 370 6.25
10 47 499 6.25
11 62 619 6.25
12 75 714 6.25
13 89 804 6.25
14 105 900 6.25
15 117 970 18.75
16 126 1014 37.5
0 1 10 0
1 1 20 0
2 1 30 0
3 1 40 0
4 1 50 0
5 2 60 0
6 2 70 0
7 3 80 0
8 4 90 0
9 5 100 0
10 13 168 0
11 16 188 0
12 17 198 0
13 28 267 6.25
14 38 331 6.25
15 57 439 6.25
16 66 491 18.75
0 0 10 0
1 0 20 0
2 0 30 0
3 1 40 0
4 1 50 0
5 2 60 0
6 3 70 0
7 3 80 0
8 4 90 0
9 5 100 0
10 7 110 0
11 8 120 0
12 9 130 0
13 13 160 0
14 19 196 0
15 34 284 6.25
16 46 344 6.25
0 0 10 0
1 0 20 0
2 0 30 0
3 2 65 0
4 2 75 0
5 3 85 0
6 4 95 0
7 4 105 0
8 5 115 0
9 7 135 0
10 9 145 0
11 10 155 0
12 16 198 0
13 20 230 0
14 30 283 6.25
15 51 403 6.25
16 63 469 6.25
0 0 10 0
1 0 30 0
2 0 40 0
3 1 50 0
4 5 117 6.25
5 12 237 6.25
6 21 356 6.25
7 31 470 6.25
8 43 585 6.25
9 57 714 6.25
10 63 768 6.25
11 82 911 6.25
12 98 1030 6.25
13 117 1159 6.25
14 128 1233 18.75
15 151 1370 18.75
16 160 1419 37.5
0 0 10 0
1 1 20 0
2 1 30 0
3 1 40 0
4 2 50 0
5 3 60 0
6 3 70 0
7 4 80 0
8 6 100 0
9 7 110 0
10 10 137 0
11 11 147 0
12 16 185 0
13 28 261 0
14 38 326 6.25
15 54 421 6.25
16 66 484 18.75
0 0 10 0
1 1 20 0
2 1 30 0
3 1 40 0
4 2 60 0
5 3 70 0
6 6 117 0
7 7 127 0
8 9 147 0
9 10 157 0
10 18 225 0
11 26 287 0
12 31 324 0
13 34 343 0
14 44 408 6.25
15 57 480 6.25
16 71 562 18.75
0 0 10 0
1 1 20 0
2 1 30 0
3 1 40 0
4 2 50 0
5 2 60 0
6 3 80 0
7 4 90 0
8 6 110 0
9 7 120 0
10 8 130 0
11 11 157 0
12 13 176 0
13 22 235 0
14 33 303 0
15 44 371 6.25
16 60 454 6.25
0 1 10 0
1 1 20 0
2 1 30 0
3 1 40 0
4 2 50 0
5 3 60 0
6 4 80 0
7 5 90 0
8 6 100 0
9 9 136 0
10 11 146 0
11 14 174 0
12 19 208 0
13 27 268 0
14 29 278 0
15 39 341 6.25
16 50 405 18.75
0 0 10 0
1 1 20 0
2 1 39 0
3 4 98 0
4 4 108 0
5 5 128 0
6 10 203 0
7 11 213 0
8 12 223 0
9 13 233 0
10 16 261 0
11 21 299 0
12 22 309 0
13 34 387 6.25
14 45 456 6.25
15 56 519 6.25
16 68 583 6.25
0 0 10 0
1 0 20 0
2 1 30 0
3 1 40 0
4 4 84 0
5 4 94 0
6 6 114 0
7 8 143 0
8 9 153 0
9 13 192 0
10 16 221 0
11 20 249 0
12 22 269 0
13 29 313 0
14 40 382 6.25
15 51 445 18.75
16 60 494 37.5
0 0 10 0
1 0 20 0
2 1 30 0
3 1 40 0
4 2 50 0
5 2 60 0
6 4 80 0
7 4 90 0
8 5 100 0
9 6 110 0
10 8 129 0
11 9 139 0
12 13 168 0
13 14 178 0
14 16 188 0
15 27 253 6.25
16 43 343 6.25
0 0 10 0
1 0 20 0
2 1 30 0
3 1 40 0
4 1 50 0
5 2 60 0
6 4 80 0
7 5 100 0
8 7 119 0
9 9 139 0
10 13 173 0
11 14 183 0
12 22 235 6.25
13 28 274 6.25
14 38 334 6.25
15 47 386 6.25
16 58 444 18.75
0 0 10 0
1 0 20 0
2 1 30 0
3 1 40 0
4 2 50 0
5 3 69 0
6 6 107 0
7 7 127 0
8 8 137 0
9 10 156 0
10 13 185 0
11 15 195 0
12 16 205 0
13 20 234 0
14 22 244 0
15 33 311 6.25
16 43 367 18.75
0 0 10 0
1 0 20 0
2 1 30 0
3 1 40 0
4 2 50 0
5 2 60 0
6 4 89 0
7 5 99 0
8 6 109 0
9 7 119 0
10 8 129 0
11 11 149 0
12 12 159 0
13 15 178 0
14 23 231 6.25
15 33 285 18.75
16 45 348 18.75
0 0 10 0
1 0 44 0
2 0 54 0
3 0 64 0
4 1 74 0
5 1 84 0
6 2 94 0
7 3 104 0
8 4 114 0
9 5 124 0
10 9 158 0
11 11 177 0
12 22 258 6.25
13 32 323 6.25
14 42 384 6.25
15 62 503 6.25
16 72 558 18.75
0 0 10 0
1 0 20 0
2 0 30 0
3 1 40 0
4 1 50 0
5 2 60 0
6 4 85 0
7 6 115 0
8 7 125 0
9 9 145 0
10 11 165 0
11 15 192 0
12 24 260 6.25
13 43 396 6.25
14 54 463 18.75
15 63 513 37.5
16 71 554 62.5
0 0 10 0
1 0 20 0
2 1 30 0
3 1 40 0
4 2 50 0
5 2 60 0
6 3 70 0
7 6 105 0
8 7 115 0
9 8 125 0
10 11 150 0
11 19 213 6.25
12 34 320 6.25
13 51 440 6.25
14 60 493 6.25
15 72 563 18.75
16 80 608 37.5
0 0 10 0
1 0 20 0
2 1 30 0
3 1 40 0
4 2 50 0
5 2 60 0
6 3 70 0
7 4 80 0
8 5 90 0
9 6 100 0
10 8 119 0
11 14 170 0
12 16 180 0
13 17 190 0
14 25 244 0
15 27 254 0
16 42 337 6.25
0 0 10 0
1 0 20 0
2 1 30 0
3 1 40 0
4 1 50 0
5 1 60 0
6 3 91 0
7 5 111 0
8 9 154 0
9 10 164 0
10 13 193 0
11 14 203 0
12 17 223 0
13 26 282 6.25
14 44 393 6.25
15 57 471 6.25
16 67 523 18.75
0 0 10 0
1 0 20 0
2 1 30 0
3 1 49 0
4 1 59 0
5 2 69 0
6 2 79 0
7 5 109 0
8 7 137 0
9 10 166 0
10 12 185 0
11 14 195 0
12 24 266 6.25
13 41 375 6.25
14 53 452 6.25
15 79 609 6.25
16 92 678 18.75
0 0 10 0
1 1 20 0
2 1 30 0
3 1 40 0
4 2 50 0
5 3 69 0
6 4 79 0
7 5 89 0
8 6 99 0
9 7 109 0
10 8 119 0
11 11 143 0
12 17 187 0
13 27 251 6.25
14 39 331 6.25
15 57 435 6.25
16 71 515 18.75
0 0 10 0
1 0 20 0
2 1 49 0
3 2 59 0
4 2 69 0
5 3 79 0
6 4 89 0
7 4 99 0
8 6 119 0
9 7 129 0
10 12 171 0
11 20 226 6.25
12 34 330 6.25
13 48 421 6.25
14 64 525 6.25
15 90 677 6.25
16 116 823 6.25
0 0 10 0
1 1 30 0
2 1 40 0
3 1 50 0
4 2 60 0
5 3 70 0
6 3 80 0
7 4 90 0
8 5 100 0
9 6 110 0
10 9 136 0
11 15 182 0
12 19 218 0
13 21 228 0
14 25 255 0
15 27 265 0
16 39 337 6.25
0 0 10 0
1 0 20 0
2 0 30 0
3 1 40 0
4 1 50 0
5 2 60 0
6 3 80 0
7 4 90 0
8 5 100 0
9 6 110 0
10 7 120 0
11 8 130 0
12 13 162 0
13 14 172 0
14 22 221 0
15 34 290 6.25
16 53 402 6.25
0 0 10 0
1 1 20 0
2 1 30 0
3 1 40 0
4 2 50 0
5 5 93 0
6 5 103 0
7 6 113 0
8 8 132 0
9 20 252 6.25
10 33 358 6.25
11 46 467 6.25
12 61 574 6.25
13 81 712 6.25
14 104 854 6.25
15 116 925 6.25
16 127 985 18.75
0 0 10 0
1 1 30 0
2 1 40 0
3 1 50 0
4 2 60 0
5 3 70 0
6 5 104 0
7 6 114 0
8 7 124 0
9 9 142 0
10 11 162 0
11 12 172 0
12 13 182 0
13 16 202 0
14 27 272 6.25
15 48 398 6.25
16 62 477 18.75
0 0 10 0
1 0 20 0
2 1 30 0
3 1 40 0
4 1 50 0
5 2 60 0
6 3 70 0
7 4 80 0
8 5 90 0
9 6 100 0
10 8 120 0
11 10 139 0
12 15 177 0
13 17 187 0
14 24 232 0
15 38 314 6.25
16 49 376 18.75
0 0 10 0
1 0 20 0
2 0 30 0
3 2 66 0
4 2 76 0
5 3 86 0
6 4 96 0
7 6 124 0
8 7 134 0
9 9 154 0
10 10 164 0
11 11 174 0
12 20 238 0
13 22 248 0
14 23 258 0
15 35 327 6.25
16 48 397 6.25
0 0 10 0
1 1 47 0
2 2 67 0
3 2 77 0
4 2 87 0
5 2 97 0
6 3 107 0
7 4 117 0
8 5 127 0
9 7 154 0
10 8 164 0
11 18 238 0
12 22 266 0
13 25 286 0
14 35 347 6.25
15 47 415 18.75
16 54 455 37.5
0 0 10 0
1 0 20 0
2 1 30 0
3 1 40 0
4 2 50 0
5 2 60 0
6 6 108 0
7 7 118 0
8 8 138 0
9 9 148 0
10 10 158 0
11 11 168 0
12 16 207 0
13 27 281 0
14 37 338 6.25
15 49 410 18.75
16 59 463 37.5
0 1 10 0
1 1 20 0
2 1 30 0
3 1 40 0
4 2 50 0
5 3 60 0
6 3 70 0
7 5 96 0
8 6 106 0
9 7 116 0
10 12 155 0
11 16 191 0
12 18 201 0
13 19 211 0
14 32 288 6.25
15 43 351 6.25
16 68 489 6.25
0 0 10 0
1 0 20 0
2 1 30 0
3 1 40 0
4 2 67 0
5 3 77 0
6 4 96 0
7 5 106 0
8 9 141 0
9 11 161 0
10 16 203 0
11 17 213 0
12 22 249 0
13 35 333 6.25
14 44 387 18.75
15 55 448 18.75
16 73 547 18.75
0 0 10 0
1 0 20 0
2 1 30 0
3 2 63 0
4 2 73 0
5 3 83 0
6 4 93 0
7 5 103 0
8 6 113 0
9 7 123 0
10 14 186 0
11 16 205 0
12 25 265 0
13 26 275 0
14 40 359 6.25
15 50 418 6.25
16 62 482 18.75
0 0 10 0
1 1 20 0
2 1 30 0
3 1 40 0
4 3 77 0
5 3 87 0
6 4 97 0
7 5 107 0
8 6 117 0
9 7 127 0
10 8 137 0
11 9 147 0
12 12 166 0
13 15 186 0
14 22 231 0
15 23 241 0
16 38 317 6.25
0 0 10 0
1 1 20 0
2 1 30 0
3 2 50 0
4 2 60 0
5 3 70 0
6 4 80 0
7 8 126 0
8 9 136 0
9 10 146 0
10 12 165 0
11 13 175 0
12 15 185 0
13 16 195 0
14 29 273 6.25
15 41 341 18.75
16 50 388 18.75
0 0 10 0
1 0 20 0
2 0 30 0
3 1 40 0
4 2 70 0
5 4 98 0
6 5 108 0
7 7 135 0
8 8 145 0
9 11 172 0
10 12 182 0
11 13 192 0
12 14 202 0
13 17 222 0
14 22 250 0
15 33 314 6.25
16 47 388 18.75
0 0 10 0
1 0 20 0
2 0 30 0
3 1 40 0
4 1 50 0
5 2 60 0
6 2 70 0
7 5 98 0
8 6 108 0
9 7 118 0
10 12 162 0
11 13 172 0
12 15 182 0
13 22 229 0
14 30 281 0
15 43 353 6.25
16 55 419 18.75
0 0 10 0
1 0 20 0
2 1 47 0
3 1 57 0
4 2 67 0
5 2 77 0
6 4 106 0
7 5 116 0
8 8 146 0
9 10 166 0
10 11 176 0
11 20 245 0
12 22 255 0
13 26 287 0
14 39 363 6.25
15 55 449 6.25
16 86 614 6.25
0 0 10 0
1 1 20 0
2 1 30 0
3 1 40 0
4 2 50 0
5 4 78 0
6 4 88 0
7 5 98 0
8 6 108 0
9 8 128 0
10 9 138 0
11 11 148 0
12 16 187 0
13 19 207 0
14 20 217 0
15 22 227 0
16 38 314 6.25
0 0 10 0
1 0 20 0
2 1 30 0
3 4 91 6.25
4 10 208 6.25
5 20 353 6.25
6 28 468 6.25
7 40 598 6.25
8 51 710 6.25
9 63 829 6.25
10 77 939 6.25
11 93 1067 6.25
12 111 1191 6.25
13 129 1309 6.25
14 137 1361 12.5
15 147 1416 25
16 156 1465 43.75
0 0 10 0
1 0 20 0
2 1 30 0
3 1 40 0
4 2 50 0
5 2 60 0
6 5 99 0
7 6 109 0
8 7 119 0
9 10 147 0
10 11 157 0
11 15 190 0
12 16 200 0
13 19 220 0
14 22 239 0
15 28 274 0
16 43 354 0
0 0 10 0
1 0 20 0
2 0 30 0
3 1 40 0
4 3 69 0
5 3 79 0
6 4 89 0
7 5 99 0
8 6 109 0
9 8 128 0
10 9 138 0
11 14 175 0
12 24 249 6.25
13 51 427 6.25
14 63 496 6.25
15 83 613 6.25
16 105 729 6.25
0 0 10 0
1 0 20 0
2 0 30 0
3 1 40 0
4 1 50 0
5 2 60 0
6 3 70 0
7 3 80 0
8 4 90 0
9 5 100 0
10 9 130 0
11 11 150 0
12 13 160 0
13 16 180 0
14 27 250 6.25
15 35 296 18.75
16 45 347 18.75
0 0 10 0
1 0 20 0
2 0 30 0
3 1 40 0
4 2 60 0
5 2 70 0
6 3 80 0
7 4 90 0
8 7 117 0
9 8 127 0
10 9 137 0
11 12 166 0
12 24 248 0
13 25 258 0
14 36 320 6.25
15 50 403 6.25
16 62 466 18.75
0 0 10 0
1 0 20 0
2 2 60 0
3 7 180 6.25
4 13 288 6.25
5 20 402 6.25
6 29 518 6.25
7 40 648 6.25
8 52 768 6.25
9 65 888 6.25
10 79 1006 6.25
11 94 1122 6.25
12 105 1195 6.25
13 112 1240 6.25
14 125 1320 6.25
15 137 1387 6.25
16 147 1443 18.75
0 0 10 0
1 0 30 0
2 1 58 0
3 2 68 0
4 2 78 0
5 3 88 0
6 4 98 0
7 4 108 0
8 5 118 0
9 6 128 0
10 8 138 0
11 10 157 0
12 14 188 0
13 16 198 0
14 28 273 6.25
15 52 411 6.25
16 67 494 6.25
0 0 10 0
1 0 20 0
2 0 30 0
3 1 40 0
4 1 50 0
5 2 60 0
6 3 70 0
7 4 80 0
8 4 90 0
9 5 100 0
10 7 110 0
11 14 165 0
12 15 175 0
13 22 221 0
14 23 231 0
15 34 297 6.25
16 47 367 18.75
0 0 10 0
1 1 63 0
2 1 73 0
3 2 83 0
4 2 93 0
5 3 103 0
6 3 113 0
7 4 123 0
8 6 142 0
9 8 161 0
10 10 181 0
11 12 191 0
12 18 234 0
13 19 244 0
14 20 254 0
15 26 291 0
16 33 330 0
0 0 10 0
1 1 41 0
2 1 51 0
3 2 61 0
4 2 71 0
5 3 81 0
6 4 91 0
7 4 101 0
8 7 131 0
9 8 141 0
10 9 151 0
11 11 161 0
12 12 171 0
13 16 198 0
14 21 231 0
15 36 316 6.25
16 49 391 18.75
0 0 10 0
1 0 20 0
2 0 30 0
3 1 40 0
4 1 50 0
5 2 60 0
6 3 70 0
7 4 80 0
8 5 100 0
9 6 110 0
10 7 120 0
11 8 130 0
12 9 140 0
13 19 204 0
14 20 214 0
15 35 296 6.25
16 44 346 18.75
0 0 10 0
1 0 20 0
2 0 30 0
3 1 40 0
4 1 50 0
5 2 60 0
6 3 70 0
7 4 90 0
8 7 117 0
9 9 137 0
10 17 205 0
11 18 215 0
12 25 262 0
13 33 316 0
14 39 358 0
15 41 368 0
16 54 441 6.25
0 0 10 0
1 1 20 0
2 1 30 0
3 1 40 0
4 2 50 0
5 2 60 0
6 4 79 0
7 6 104 0
8 8 124 0
9 12 161 0
10 16 198 0
11 19 227 0
12 21 237 0
13 22 247 0
14 33 311 6.25
15 58 457 6.25
16 251 565 6.25
0 0 10 0
1 0 20 0
2 1 30 0
3 1 40 0
4 2 50 0
5 2 60 0
6 4 79 0
7 4 89 0
8 5 99 0
9 6 109 0
10 7 119 0
11 9 129 0
12 10 139 0
13 11 149 0
14 13 159 0
15 26 236 6.25
16 44 336 6.25
0 0 10 0
1 0 20 0
2 1 30 0
3 1 40 0
4 2 50 0
5 2 60 0
6 3 70 0
7 4 80 0
8 5 90 0
9 6 100 0
10 7 110 0
11 12 153 0
12 15 173 0
13 20 213 0
14 26 250 0
15 37 316 0
16 46 366 6.25
0 0 10 0
1 1 20 0
2 1 30 0
3 1 40 0
4 2 58 0
5 10 178 6.25
6 18 297 6.25
7 29 432 6.25
8 39 539 6.25
9 55 686 6.25
10 68 803 6.25
11 82 910 6.25
12 94 991 6.25
13 108 1087 6.25
14 122 1170 6.25
15 135 1248 6.25
16 149 1322 6.25
0 0 10 0
1 0 20 0
2 1 30 0
3 1 40 0
4 2 50 0
5 3 70 0
6 4 80 0
7 7 122 0
8 8 132 0
9 10 152 0
10 11 162 0
11 13 172 0
12 14 182 0
13 15 192 0
14 22 236 0
15 36 320 6.25
16 45 366 18.75
0 0 10 0
1 0 20 0
2 1 30 0
3 2 50 0
4 3 70 0
5 3 80 0
6 4 90 0
7 6 118 0
8 7 128 0
9 14 195 0
10 15 205 0
11 18 225 0
12 19 235 0
13 20 245 0
14 34 333 6.25
15 56 462 6.25
16 65 515 18.75
0 0 10 0
1 0 20 0
2 1 40 0
3 2 50 0
4 2 60 0
5 4 95 0
6 5 105 0
7 6 115 0
8 7 125 0
9 9 145 0
10 10 155 0
11 15 198 0
12 20 231 0
13 28 285 0
14 38 343 6.25
15 48 403 18.75
16 56 446 37.5
