0.0 3.98107790947
0.0 3.80747199059
0.0 4.10914897919
0.0 3.87548208237
0.0 3.81584811211
0.0 3.96385502815
0.0 3.88152813911
0.0 3.63243508339
0.0 3.87280201912
0.0 3.64721488953
0.0 3.86451601982
0.0 3.89711213112
0.0 3.39998316765
0.0 3.415995121
0.0 3.7009780407
6.25 3.89867782593
12.5 3.67912197113
31.25 4.47222495079
37.5 4.45075297356
50.0 5.63888692856
62.5 3.6090362072
68.75 3.95444703102
68.75 3.36597919464
75.0 3.9020190239
75.0 3.77410101891
75.0 4.01175403595
75.0 4.06485104561
75.0 7.30003786087
87.5 3.95439386368
87.5 3.97212719917
87.5 0.0 3.89955592155
12.5 3.93821811676
25.0 3.98180818558
37.5 3.73461008072
50.0 3.59692001343
62.5 3.95043611526
62.5 5.42077207565
68.75 5.33501601219
75.0 3.46068501472
75.0 4.8290169239
81.25 3.96042084694
81.25 3.85206389427
81.25 3.9782512188
81.25 5.72553300858
87.5 3.68789505959
87.5 3.7733900547
87.5 3.85356402397
87.5 3.71401286125
87.5 3.99716901779
87.5 3.96933913231
87.5 3.95802307129
87.5 3.49081492424
87.5 3.64755582809
87.5 3.93653893471
87.5 3.682035923
87.5 4.06784915924
87.5 3.64041686058
87.5 3.68171906471
87.5 3.95161008835
87.5 3.58552908897
87.5 0.0 3.93984794617
0.0 3.65754199028
0.0 3.68697309494
0.0 3.87174487114
0.0 3.94754600525
0.0 3.91440796852
0.0 3.94666314125
0.0 3.90734100342
0.0 3.63013100624
0.0 3.70800900459
0.0 3.66001677513
0.0 3.95415306091
0.0 3.98264408112
6.25 3.66106009483
25.0 4.64921522141
31.25 4.12467598915
37.5 3.9211628437
43.75 5.64617109299
56.25 4.95617580414
56.25 3.77729105949
68.75 3.74181699753
75.0 4.66522598267
87.5 4.57326793671
93.75 3.78442597389
93.75 3.91282296181
93.75 4.02809405327
93.75 3.91948914528
93.75 3.97542405128
93.75 4.10106992722
93.75 4.16951489449
93.75 