0 0 10 0
1 0 20 0
2 0 30 0
3 1 40 0
4 1 50 0
5 2 60 0
6 3 70 0
7 4 80 0
8 5 90 0
9 6 100 0
10 7 110 0
11 12 152 0
12 24 234 0
13 31 283 0
14 37 321 0
15 51 399 6.25
16 65 475 18.75
0 0 10 0
1 0 20 0
2 0 30 0
3 1 40 0
4 1 50 0
5 2 70 0
6 3 80 0
7 7 123 0
8 8 133 0
9 9 143 0
10 16 201 0
11 17 211 0
12 23 252 0
13 31 310 0
14 46 398 6.25
15 55 447 18.75
16 64 496 37.52
0 0 10 0
1 1 30 0
2 1 40 0
3 1 50 0
4 2 60 0
5 4 97 0
6 5 107 0
7 6 117 0
8 7 127 0
9 11 170 0
10 14 189 0
11 17 218 0
12 19 228 0
13 20 238 0
14 34 323 6.25
15 47 394 18.75
16 57 447 37.5
0 0 10 0
1 0 20 0
2 1 30 0
3 1 40 0
4 2 50 0
5 2 60 0
6 3 70 0
7 9 130 6.25
8 21 250 6.25
9 30 329 6.25
10 48 477 6.25
11 65 607 6.25
12 83 737 6.25
13 91 790 18.75
14 129 1019 12.5
15 140 1084 25
16 148 1130 43.75
0 0 10 0
1 0 20 0
2 1 30 0
3 2 50 0
4 2 60 0
5 3 70 0
6 3 80 0
7 4 90 0
8 5 100 0
9 11 152 0
10 12 162 0
11 13 172 0
12 18 210 0
13 21 232 0
14 32 293 6.25
15 46 373 18.75
16 54 417 18.75
0 0 10 0
1 0 20 0
2 1 30 0
3 1 40 0
4 2 50 0
5 4 85 0
6 5 95 0
7 5 105 0
8 6 115 0
9 7 125 0
10 14 172 6.25
11 33 319 6.25
12 54 463 6.25
13 78 619 6.25
14 99 749 6.25
15 109 806 18.75
16 123 876 18.75
0 0 10 0
1 0 20 0
2 1 30 0
3 1 40 0
4 2 59 0
5 3 69 0
6 3 79 0
7 4 89 0
8 5 99 0
9 6 109 0
10 11 147 0
11 13 167 0
12 18 204 0
13 24 240 0
14 36 317 6.25
15 46 370 18.75
16 55 418 18.75
0 0 10 0
1 0 20 0
2 1 30 0
3 1 40 0
4 4 93 0
5 5 103 0
6 6 123 0
7 7 133 0
8 8 143 0
9 9 153 0
10 12 182 0
11 13 192 0
12 22 250 0
13 34 330 6.25
14 45 394 18.75
15 54 441 37.5
16 64 494 37.5
0 0 10 0
1 1 20 0
2 1 30 0
3 1 40 0
4 2 50 0
5 2 60 0
6 5 95 0
7 6 105 0
8 7 115 0
9 13 175 0
10 15 185 0
11 17 205 0
12 22 240 0
13 23 250 0
14 35 317 6.25
15 49 400 6.25
16 63 472 18.75
0 0 10 0
1 0 20 0
2 1 30 0
3 1 40 0
4 2 60 0
5 3 70 0
6 6 106 0
7 6 116 0
8 7 126 0
9 8 136 0
10 14 185 0
11 17 204 0
12 18 214 0
13 19 224 0
14 28 278 0
15 41 351 6.25
16 67 487 6.25
0 0 10 0
1 0 20 0
2 1 30 0
3 1 40 0
4 2 50 0
5 2 60 0
6 5 90 0
7 5 100 0
8 6 110 0
9 7 120 0
10 9 130 0
11 14 171 0
12 26 255 6.25
13 35 310 18.75
14 47 384 18.75
15 75 539 18.75
16 92 627 37.5
0 0 10 0
1 0 30 0
2 1 40 0
3 1 50 0
4 2 60 0
5 2 70 0
6 4 89 0
7 5 99 0
8 7 126 0
9 11 165 0
10 12 175 0
11 16 204 0
12 21 240 0
13 23 250 0
14 27 280 0
15 29 290 0
16 44 368 6.25
0 0 10 0
1 0 20 0
2 0 30 0
3 1 40 0
4 1 50 0
5 2 60 0
6 3 70 0
7 4 80 0
8 4 90 0
9 9 134 0
10 11 154 0
11 15 182 0
12 18 202 0
13 29 274 6.25
14 40 344 18.75
15 50 398 37.5
16 58 438 62.5
0 0 10 0
1 1 20 0
2 1 30 0
3 1 40 0
4 2 50 0
5 4 83 0
6 5 93 0
7 6 103 0
8 8 131 0
9 9 141 0
10 13 170 0
11 14 180 0
12 19 214 0
13 39 344 6.25
14 63 487 6.25
15 88 633 6.25
16 99 684 18.75
0 0 10 0
1 0 20 0
2 0 30 0
3 0 40 0
4 0 50 0
5 1 60 0
6 2 70 0
7 3 80 0
8 4 99 0
9 5 109 0
10 7 119 0
11 8 129 0
12 9 139 0
13 21 214 6.25
14 33 278 6.25
15 43 335 18.75
16 52 381 37.5
0 0 10 0
1 0 20 0
2 0 30 0
3 1 40 0
4 1 50 0
5 2 60 0
6 5 99 0
7 6 109 0
8 7 119 0
9 8 129 0
10 9 139 0
11 10 149 0
12 11 159 0
13 13 169 0
14 14 179 0
15 16 189 0
16 28 253 6.25
0 0 10 0
1 1 20 0
2 1 30 0
3 2 58 0
4 3 78 0
5 4 88 0
6 5 108 0
7 6 118 0
8 7 128 0
9 9 147 0
10 10 157 0
11 13 176 0
12 14 186 0
13 15 196 0
14 26 258 0
15 36 315 0
16 51 395 6.25
0 0 10 0
1 0 20 0
2 0 30 0
3 1 40 0
4 1 50 0
5 2 60 0
6 3 70 0
7 4 80 0
8 6 109 0
9 8 129 0
10 12 157 0
11 21 225 6.25
12 41 360 6.25
13 63 501 6.25
14 73 558 18.75
15 81 603 18.75
16 89 646 37.5
0 0 10 0
1 0 20 0
2 1 30 0
3 1 40 0
4 2 50 0
5 2 60 0
6 3 70 0
7 4 80 0
8 5 90 0
9 6 107 0
10 23 244 6.25
11 35 336 6.25
12 52 454 6.25
13 73 593 6.25
14 95 727 6.25
15 120 867 6.25
16 137 949 6.25
0 0 10 0
1 1 20 0
2 1 30 0
3 1 40 0
4 2 50 0
5 2 60 0
6 3 70 0
7 5 89 0
8 7 119 0
9 10 147 0
10 11 157 0
11 12 167 0
12 16 197 0
13 23 243 0
14 34 315 0
15 44 371 0
16 56 436 6.25
0 0 10 0
1 0 20 0
2 1 30 0
3 1 49 0
4 2 69 0
5 3 79 0
6 5 106 0
7 6 116 0
8 7 126 0
9 8 136 0
10 9 146 0
11 10 156 0
12 11 166 0
13 13 176 0
14 20 224 0
15 22 234 0
16 33 290 6.25
0 0 10 0
1 0 20 0
2 1 30 0
3 1 40 0
4 2 50 0
5 2 60 0
6 3 70 0
7 4 80 0
8 6 100 0
9 7 110 0
10 8 120 0
11 9 130 0
12 10 140 0
13 12 150 0
14 25 230 6.25
15 37 296 18.75
16 46 343 18.75
0 0 10 0
1 0 20 0
2 1 40 0
3 2 50 0
4 2 60 0
5 3 70 0
6 3 80 0
7 4 90 0
8 12 166 6.25
9 25 286 6.25
10 45 442 6.25
11 60 559 6.25
12 77 679 6.25
13 100 823 6.25
14 124 967 6.25
15 154 1133 6.25
16 167 1205 12.5
0 1 10 0
1 1 30 0
2 1 40 0
3 2 50 0
4 3 78 0
5 4 88 0
6 5 98 0
7 6 118 0
8 9 145 0
9 12 175 0
10 13 185 0
11 17 216 0
12 30 303 6.25
13 46 404 6.25
14 71 556 6.25
15 85 629 6.25
16 96 685 6.25
0 0 10 0
1 1 20 0
2 1 30 0
3 2 50 0
4 2 60 0
5 4 90 0
6 5 100 0
7 6 110 0
8 7 120 0
9 8 130 0
10 9 140 0
11 10 150 0
12 13 170 0
13 16 190 0
14 17 200 0
15 29 269 6.25
16 42 340 18.75
0 0 10 0
1 1 20 0
2 1 39 0
3 2 49 0
4 3 77 0
5 4 87 0
6 5 97 0
7 10 159 0
8 11 169 0
9 12 179 0
10 13 189 0
11 14 199 0
12 18 228 0
13 25 276 0
14 27 286 0
15 29 296 0
16 40 353 6.25
0 0 10 0
1 0 20 0
2 0 30 0
3 1 40 0
4 1 50 0
5 2 60 0
6 3 70 0
7 3 80 0
8 6 107 0
9 13 174 6.25
10 507 298 6.25
11 542 435 6.25
12 553 501 6.25
13 566 571 6.25
14 579 653 12.5
15 588 700 25
16 596 744 43.75
0 0 10 0
1 1 20 0
2 2 47 0
3 2 57 0
4 3 67 0
5 3 77 0
6 4 87 0
7 6 113 0
8 7 123 0
9 8 133 0
10 9 143 0
11 10 153 0
12 21 221 6.25
13 39 341 6.25
14 63 487 6.25
15 77 565 18.75
16 87 618 37.5
0 0 10 0
1 0 20 0
2 1 30 0
3 1 40 0
4 2 50 0
5 2 60 0
6 3 70 0
7 5 89 0
8 6 99 0
9 7 118 0
10 9 138 0
11 11 158 0
12 18 205 0
13 19 215 0
14 34 303 6.25
15 61 458 6.25
16 72 515 18.75
0 0 10 0
1 0 20 0
2 0 30 0
3 1 40 0
4 2 68 0
5 3 78 0
6 3 88 0
7 5 116 0
8 6 126 0
9 7 136 0
10 12 179 0
11 13 189 0
12 16 209 0
13 21 248 0
14 23 258 0
15 25 268 0
16 35 321 6.25
0 0 10 0
1 0 20 0
2 1 30 0
3 1 40 0
4 2 50 0
5 2 60 0
6 3 70 0
7 5 90 0
8 5 100 0
9 9 134 0
10 19 211 6.25
11 35 340 6.25
12 57 489 6.25
13 81 643 6.25
14 99 755 18.75
15 125 904 12.5
16 139 978 25
0 0 10 0
1 0 20 0
2 0 30 0
3 1 40 0
4 1 50 0
5 3 80 0
6 4 90 0
7 5 100 0
8 6 110 0
9 7 120 0
10 9 140 0
11 12 160 0
12 18 205 0
13 31 288 6.25
14 51 408 6.25
15 63 478 6.25
16 73 529 18.75
0 0 10 0
1 1 20 0
2 1 30 0
3 1 40 0
4 2 50 0
5 3 70 0
6 4 80 0
7 5 90 0
8 8 120 0
9 9 130 0
10 10 140 0
11 14 175 0
12 21 227 0
13 24 247 0
14 34 307 0
15 36 317 0
16 43 358 0
0 0 10 0
1 0 20 0
2 0 30 0
3 1 40 0
4 1 50 0
5 2 60 0
6 4 88 0
7 5 98 0
8 6 108 0
9 10 145 0
10 11 155 0
11 12 165 0
12 13 175 0
13 15 185 0
14 27 259 6.25
15 54 413 6.25
16 65 471 18.75
0 0 10 0
1 0 20 0
2 0 30 0
3 1 40 0
4 2 60 0
5 2 70 0
6 3 80 0
7 5 106 0
8 6 116 0
9 7 126 0
10 8 136 0
11 11 154 0
12 12 164 0
13 16 194 0
14 19 214 0
15 34 296 6.25
16 47 364 18.75
0 0 10 0
1 1 20 0
2 1 30 0
3 2 57 0
4 3 67 0
5 3 77 0
6 4 87 0
7 10 154 6.25
8 22 274 6.25
9 35 391 6.25
10 51 517 6.25
11 70 664 6.25
12 90 803 6.25
13 104 884 6.25
14 112 935 18.75
15 122 991 18.75
16 145 1112 18.75
0 0 10 0
1 1 20 0
2 1 39 0
3 2 59 0
4 3 69 0
5 3 79 0
6 4 89 0
7 6 109 0
8 7 119 0
9 8 129 0
10 9 139 0
11 10 149 0
12 11 159 0
13 16 188 0
14 17 198 0
15 22 227 0
16 27 257 0
0 0 10 0
1 0 20 0
2 0 30 0
3 1 40 0
4 1 50 0
5 2 60 0
6 3 70 0
7 3 80 0
8 4 90 0
9 5 100 0
10 10 136 0
11 12 156 0
12 16 185 0
13 18 195 0
14 21 220 0
15 35 298 0
16 42 338 0
0 0 10 0
1 0 20 0
2 0 30 0
3 1 40 0
4 2 60 0
5 2 70 0
6 3 80 0
7 4 90 0
8 5 100 0
9 6 110 0
10 7 120 0
11 8 130 0
12 13 165 0
13 18 199 0
14 30 272 0
15 41 335 0
16 56 416 6.25
0 0 10 0
1 1 20 0
2 1 30 0
3 1 40 0
4 2 50 0
5 2 60 0
6 3 70 0
7 4 80 0
8 5 90 0
9 8 120 0
10 9 130 0
11 10 140 0
12 13 160 0
13 16 180 0
14 29 256 6.25
15 40 320 6.25
16 53 389 18.75
0 0 10 0
1 0 20 0
2 0 30 0
3 1 64 0
4 2 89 0
5 3 99 0
6 4 109 0
7 7 152 0
8 13 206 0
9 14 216 0
10 19 258 0
11 23 292 0
12 29 334 0
13 39 402 6.25
14 50 464 18.75
15 59 515 37.5
16 68 562 37.5
0 0 10 0
1 1 54 0
2 2 74 0
3 2 84 0
4 3 94 0
5 4 122 0
6 5 132 0
7 6 142 0
8 8 162 0
9 9 172 0
10 12 201 0
11 22 272 6.25
12 36 372 6.25
13 53 482 6.25
14 75 610 6.25
15 93 713 6.25
16 104 771 18.75
0 0 10 0
1 1 20 0
2 1 30 0
3 1 40 0
4 2 50 0
5 3 70 0
6 4 80 0
7 5 90 0
8 6 100 0
9 8 120 0
10 15 178 0
11 17 198 0
12 18 208 0
13 20 218 0
14 24 245 0
15 26 255 0
16 37 315 6.25
0 0 10 0
1 0 20 0
2 1 30 0
3 2 50 0
4 2 60 0
5 3 70 0
6 3 80 0
7 6 108 0
8 8 137 0
9 10 147 0
10 12 167 0
11 13 177 0
12 19 221 0
13 23 247 0
14 35 321 0
15 37 331 0
16 52 410 6.25
0 0 10 0
1 0 20 0
2 1 30 0
3 1 40 0
4 2 50 0
5 2 60 0
6 5 90 0
7 5 100 0
8 6 110 0
9 7 120 0
10 8 130 0
11 10 140 0
12 12 160 0
13 14 170 0
14 15 180 0
15 26 243 6.25
16 39 310 18.75
0 0 10 0
1 0 20 0
2 0 30 0
3 1 40 0
4 2 57 0
5 2 67 0
6 4 87 0
7 4 97 0
8 5 107 0
9 7 127 0
10 14 186 0
11 16 206 0
12 24 266 0
13 35 334 6.25
14 44 391 18.75
15 52 432 37.5
16 59 467 62.5
0 0 10 0
1 0 20 0
2 1 30 0
3 1 40 0
4 2 50 0
5 2 60 0
6 4 89 0
7 5 99 0
8 6 109 0
9 7 119 0
10 8 129 0
11 10 139 0
12 11 149 0
13 18 195 0
14 22 224 0
15 199 293 6.25
16 213 369 18.75
0 0 10 0
1 0 38 0
2 1 58 0
3 2 88 0
4 3 98 0
5 3 108 0
6 4 118 0
7 5 128 0
8 6 138 0
9 7 148 0
10 11 182 0
11 13 202 0
12 22 261 6.25
13 30 317 6.25
14 48 428 6.25
15 57 482 18.75
16 66 527 37.5
0 1 10 0
1 1 20 0
2 1 40 0
3 2 50 0
4 2 60 0
5 3 70 0
6 4 80 0
7 4 90 0
8 5 100 0
9 9 134 0
10 10 144 0
11 11 154 0
12 14 173 0
13 17 193 0
14 27 260 6.25
15 43 352 6.25
16 53 407 18.75
0 0 10 0
1 0 30 0
2 1 40 0
3 1 50 0
4 2 60 0
5 2 70 0
6 3 80 0
7 4 90 0
8 5 100 0
9 8 136 0
10 10 146 0
11 12 166 0
12 21 234 0
13 34 317 6.25
14 46 391 6.25
15 69 524 6.25
16 80 584 18.75
0 0 10 0
1 0 20 0
2 0 30 0
3 1 40 0
4 1 50 0
5 2 60 0
6 3 79 0
7 531 194 6.25
8 543 314 6.25
9 556 434 6.25
10 565 507 6.25
11 574 574 6.25
12 595 721 6.25
13 620 854 6.25
14 630 911 18.75
15 654 1052 18.75
16 662 1092 37.5
0 0 10 0
1 1 20 0
2 1 30 0
3 2 57 0
4 2 67 0
5 3 77 0
6 4 87 0
7 6 116 0
8 7 126 0
9 8 136 0
10 15 195 6.25
11 32 324 6.25
12 51 454 6.25
13 68 568 6.25
14 78 626 18.75
15 94 724 18.75
16 109 790 18.75
0 0 10 0
1 1 30 0
2 1 40 0
3 2 50 0
4 3 78 0
5 5 108 0
6 6 118 0
7 7 138 0
8 9 157 0
9 13 198 0
10 16 217 0
11 18 237 0
12 19 247 0
13 21 257 0
14 31 322 0
15 46 403 0
16 48 413 0
0 0 10 0
1 0 20 0
2 1 30 0
3 1 40 0
4 2 50 0
5 2 60 0
6 3 70 0
7 4 80 0
8 5 90 0
9 6 100 0
10 7 110 0
11 13 154 0
12 21 218 0
13 30 271 6.25
14 41 339 18.75
15 50 389 18.75
16 59 435 18.75
0 0 10 0
1 0 20 0
2 1 40 0
3 1 50 0
4 2 69 0
5 7 128 6.25
6 20 284 6.25
7 29 393 6.25
8 42 507 6.25
9 56 634 6.25
10 71 761 6.25
11 79 816 6.25
12 103 985 6.25
13 118 1078 6.25
14 130 1149 18.75
15 138 1197 37.5
16 155 1287 37.5
0 0 10 0
1 0 20 0
2 1 30 0
3 1 40 0
4 2 50 0
5 2 60 0
6 3 70 0
7 5 90 0
8 9 135 0
9 10 145 0
10 11 155 0
11 12 165 0
12 15 185 0
13 25 255 0
14 38 332 6.25
15 50 401 18.75
16 59 445 37.5
0 0 10 0
1 0 20 0
2 0 30 0
3 1 50 0
4 2 70 0
5 3 80 0
6 4 90 0
7 4 100 0
8 5 110 0
9 8 139 0
10 9 149 0
11 12 168 0
12 13 178 0
13 20 227 0
14 26 262 0
15 38 332 0
16 50 397 18.75
0 0 10 0
1 0 29 0
2 0 39 0
3 1 59 0
4 2 69 0
5 2 79 0
6 4 108 0
7 5 118 0
8 6 128 0
9 9 157 0
10 18 231 0
11 20 250 0
12 39 382 6.25
13 56 485 6.25
14 69 561 18.75
15 89 681 18.75
16 97 724 37.5
0 0 10 0
1 0 20 0
2 1 30 0
3 1 40 0
4 3 70 0
5 3 80 0
6 4 90 0
7 5 100 0
8 7 127 0
9 8 137 0
10 9 147 0
11 10 157 0
12 12 167 0
13 18 210 0
14 31 292 6.25
15 47 370 6.25
16 60 445 12.5
0 0 10 0
1 0 20 0
2 0 30 0
3 1 40 0
4 1 50 0
5 2 60 0
6 3 80 0
7 4 90 0
8 7 118 0
9 9 137 0
10 10 147 0
11 11 157 0
12 12 167 0
13 14 177 0
14 15 187 0
15 17 197 0
16 35 292 6.25
0 0 10 0
1 0 29 0
2 2 66 0
3 2 76 0
4 4 113 0
5 5 123 0
6 7 148 0
7 7 158 0
8 11 194 0
9 12 204 0
10 14 224 0
11 17 244 0
12 18 254 0
13 19 264 0
14 29 330 0
15 44 410 6.25
16 63 511 6.25
0 0 10 0
1 1 20 0
2 1 30 0
3 1 40 0
4 3 69 0
5 5 98 0
6 5 108 0
7 6 118 0
8 7 128 0
9 8 138 0
10 9 148 0
11 10 158 0
12 16 197 0
13 26 266 0
14 31 296 0
15 35 322 0
16 37 332 0
0 0 10 0
1 1 20 0
2 1 30 0
3 1 40 0
4 2 50 0
5 3 60 0
6 4 80 0
7 5 90 0
8 6 100 0
9 7 110 0
10 11 146 0
11 13 166 0
12 15 176 0
13 16 186 0
14 22 225 0
15 36 305 6.25
16 47 368 18.75
0 0 10 0
1 0 30 0
2 0 40 0
3 1 50 0
4 2 70 0
5 2 80 0
6 3 90 0
7 5 110 0
8 10 163 0
9 11 173 0
10 13 193 0
11 16 213 0
12 17 223 0
13 22 257 0
14 32 320 6.25
15 50 424 6.25
16 65 496 6.25
0 0 10 0
1 0 20 0
2 0 30 0
3 1 40 0
4 1 50 0
5 2 60 0
6 2 70 0
7 3 80 0
8 4 90 0
9 6 110 0
10 11 154 0
11 14 174 0
12 15 184 0
13 20 219 0
14 33 300 6.25
15 44 358 18.75
16 74 523 12.5
0 0 10 0
1 1 20 0
2 1 30 0
3 1 40 0
4 2 50 0
5 2 60 0
6 3 70 0
7 4 80 0
8 6 100 0
9 7 110 0
10 8 120 0
11 9 130 0
12 11 140 0
13 12 150 0
14 24 222 6.25
15 35 285 6.25
16 44 331 18.75
0 0 10 0
1 0 20 0
2 1 30 0
3 1 40 0
4 2 50 0
5 2 60 0
6 3 70 0
7 8 123 6.25
8 20 243 6.25
9 33 363 6.25
10 45 463 6.25
11 61 579 6.25
12 73 661 6.25
13 91 781 6.25
14 111 908 6.25
15 134 1036 6.25
16 158 1163 6.25
0 0 10 0
1 0 20 0
2 1 30 0
3 1 40 0
4 2 50 0
5 2 60 0
6 3 70 0
7 4 80 0
8 6 106 0
9 7 116 0
10 8 126 0
11 10 136 0
12 12 156 0
13 15 176 0
14 26 240 0
15 38 310 6.25
16 57 414 6.25
0 0 10 0
1 1 20 0
2 1 30 0
3 2 50 0
4 2 60 0
5 3 70 0
6 4 80 0
7 5 90 0
8 5 100 0
9 6 110 0
10 9 130 0
11 10 140 0
12 13 160 0
13 17 189 0
14 28 256 6.25
15 39 320 18.75
16 48 365 37.5
0 1 10 0
1 1 20 0
2 1 30 0
3 2 50 0
4 2 60 0
5 3 90 0
6 4 100 0
7 8 145 0
8 9 155 0
9 10 165 0
10 18 228 6.25
11 27 294 6.25
12 41 391 6.25
13 55 479 6.25
14 74 597 12.5
15 96 723 12.5
16 107 783 25
0 0 10 0
1 0 20 0
2 1 30 0
3 1 40 0
4 2 50 0
5 2 60 0
6 4 78 0
7 4 88 0
8 6 108 0
9 7 118 0
10 8 128 0
11 13 165 0
12 16 185 0
13 21 219 0
14 22 229 0
15 24 239 0
16 37 311 6.25
0 1 10 0
1 1 20 0
2 1 30 0
3 2 40 0
4 2 50 0
5 3 60 0
6 3 70 0
7 4 80 0
8 5 90 0
9 6 100 0
10 7 110 0
11 11 140 0
12 14 160 0
13 15 170 0
14 25 228 6.25
15 34 281 6.25
16 46 344 18.75
0 0 10 0
1 0 20 0
2 1 30 0
3 1 40 0
4 2 50 0
5 2 60 0
6 3 70 0
7 4 80 0
8 5 90 0
9 6 100 0
10 7 110 0
11 8 120 0
12 11 140 0
13 16 173 0
14 17 183 0
15 28 244 6.25
16 52 374 6.25
0 0 10 0
1 1 20 0
2 1 30 0
3 1 40 0
4 2 50 0
5 3 60 0
6 3 70 0
7 4 80 0
8 5 90 0
9 6 100 0
10 9 129 0
11 11 139 0
12 17 187 0
13 20 207 0
14 23 227 0
15 25 237 0
16 35 292 6.25
0 1 10 0
1 1 20 0
2 1 30 0
3 2 40 0
4 2 50 0
5 3 60 0
6 3 70 0
7 4 80 0
8 5 90 0
9 7 110 0
10 14 170 0
11 16 180 0
12 17 190 0
13 18 200 0
14 26 247 0
15 39 323 6.25
16 53 396 6.25
0 0 10 0
1 0 30 0
2 1 40 0
3 2 67 0
4 8 171 6.25
5 15 233 6.25
6 24 353 6.25
7 33 457 6.25
8 46 590 6.25
9 60 710 6.25
10 71 805 6.25
11 89 940 6.25
12 107 1069 6.25
13 127 1202 6.25
14 138 1265 18.75
15 146 1311 37.5
16 153 1347 37.5
0 0 10 0
1 0 20 0
2 0 30 0
3 1 40 0
4 1 50 0
5 3 77 0
6 9 139 6.25
7 19 253 6.25
8 25 306 6.25
9 38 426 6.25
10 46 488 6.25
11 65 629 6.25
12 75 700 6.25
13 88 783 6.25
14 98 846 18.75
15 114 936 18.75
16 138 1064 18.75
0 0 10 0
1 0 20 0
2 0 30 0
3 1 40 0
4 2 60 0
5 2 70 0
6 3 80 0
7 4 90 0
8 5 100 0
9 9 138 0
10 11 157 0
11 12 167 0
12 14 177 0
13 24 246 6.25
14 34 304 18.75
15 42 346 18.75
16 52 398 18.75
0 0 10 0
1 1 20 0
2 1 30 0
3 1 40 0
4 2 50 0
5 3 60 0
6 3 70 0
7 4 80 0
8 6 100 0
9 7 110 0
10 8 120 0
11 9 130 0
12 18 190 6.25
13 28 257 6.25
14 42 339 6.25
15 52 397 18.75
16 61 443 37.5
0 0 10 0
1 0 20 0
2 0 30 0
3 1 40 0
4 1 50 0
5 2 60 0
6 3 70 0
7 3 80 0
8 4 90 0
9 6 110 0
10 7 120 0
11 17 194 6.25
12 34 314 6.25
13 43 372 18.75
14 61 482 18.75
15 78 578 18.75
16 96 677 18.75
0 0 10 0
1 0 20 0
2 1 38 0
3 6 158 6.25
4 13 278 6.25
5 20 398 6.25
6 30 518 6.25
7 40 638 6.25
8 52 758 6.25
9 64 866 6.25
10 79 986 6.25
11 94 1105 6.25
12 112 1233 6.25
13 128 1337 6.25
14 153 1487 6.25
15 182 1655 6.25
16 192 1710 12.5
0 0 10 0
1 1 20 0
2 1 30 0
3 2 59 0
4 3 69 0
5 4 89 0
6 5 99 0
7 6 109 0
8 7 129 0
9 8 139 0
10 11 172 0
11 12 182 0
12 13 192 0
13 14 202 0
14 16 212 0
15 17 222 0
16 30 292 6.25
0 0 10 0
1 0 30 0
2 0 40 0
3 1 50 0
4 1 60 0
5 2 70 0
6 3 80 0
7 5 109 0
8 6 119 0
9 9 147 0
10 10 157 0
11 15 198 0
12 23 251 0
13 28 289 0
14 33 317 0
15 34 327 0
16 45 382 6.25
0 0 10 0
1 0 20 0
2 1 57 0
3 2 85 0
4 3 95 0
5 3 105 0
6 4 115 0
7 6 141 0
8 7 151 0
9 11 189 0
10 12 199 0
11 23 277 6.25
12 40 400 6.25
13 53 485 6.25
14 77 634 6.25
15 90 703 6.25
16 101 763 12.5
0 0 10 0
1 1 20 0
2 1 30 0
3 1 40 0
4 2 50 0
5 3 60 0
6 8 128 6.25
7 17 225 6.25
8 33 384 6.25
9 40 449 6.25
10 57 588 6.25
11 65 644 18.75
12 78 737 18.75
13 101 883 12.5
14 117 987 12.5
15 134 1081 12.5
16 150 1170 12.5
0 0 10 0
1 1 20 0
2 1 30 0
3 1 40 0
4 2 50 0
5 3 60 0
6 4 80 0
7 5 90 0
8 6 100 0
9 7 110 0
10 12 153 0
11 13 163 0
12 17 192 0
13 20 212 0
14 27 255 0
15 28 265 0
16 42 336 6.25
0 0 10 0
1 0 20 0
2 0 30 0
3 1 40 0
4 1 50 0
5 2 60 0
6 3 70 0
7 3 80 0
8 6 109 0
9 7 119 0
10 8 129 0
11 12 157 0
12 13 167 0
13 14 177 0
14 22 226 0
15 24 236 0
16 41 328 6.25
0 0 10 0
1 0 20 0
2 1 52 0
3 7 172 6.25
4 13 292 6.25
5 20 394 6.25
6 28 504 6.25
7 38 613 6.25
8 49 726 6.25
9 63 850 6.25
10 73 934 6.25
11 84 1018 6.25
12 97 1109 6.25
13 116 1230 6.25
14 127 1300 12.5
15 138 1363 12.5
16 164 1504 12.5
0 0 10 0
1 1 47 0
2 1 57 0
3 1 67 0
4 2 77 0
5 2 87 0
6 2 97 0
7 3 107 0
8 5 126 0
9 7 146 0
10 8 156 0
11 9 166 0
12 15 211 0
13 17 221 0
14 24 268 0
15 27 288 0
16 43 371 6.25
0 0 10 0
1 0 20 0
2 1 30 0
3 1 40 0
4 2 50 0
5 2 60 0
6 3 70 0
7 4 80 0
8 5 90 0
9 12 158 6.25
10 26 275 6.25
11 42 395 6.25
12 59 515 6.25
13 77 635 6.25
14 94 727 6.25
15 107 800 6.25
16 120 874 6.25
0 1 10 0
1 1 20 0
2 1 30 0
3 4 81 0
4 4 91 0
5 5 101 0
6 5 111 0
7 6 121 0
8 7 131 0
9 8 141 0
10 12 170 0
11 13 180 0
12 14 190 0
13 17 210 0
14 27 271 0
15 40 346 6.25
16 51 402 18.75
0 0 10 0
1 0 20 0
2 1 40 0
3 1 50 0
4 2 70 0
5 3 80 0
6 5 100 0
7 5 110 0
8 6 120 0
9 11 162 0
10 16 206 0
11 17 216 0
12 20 236 0
13 25 274 0
14 27 284 0
15 32 313 0
16 44 377 6.25
0 0 10 0
1 0 20 0
2 0 30 0
3 1 40 0
4 1 50 0
5 2 60 0
6 3 70 0
7 3 80 0
8 4 90 0
9 12 160 0
10 13 170 0
11 14 180 0
12 20 219 0
13 29 281 6.25
14 40 344 6.25
15 50 397 18.75
16 59 444 37.5
0 0 10 0
1 0 29 0
2 1 39 0
3 1 49 0
4 2 59 0
5 3 79 0
6 4 89 0
7 5 99 0
8 5 109 0
9 8 129 0
10 9 139 0
11 16 193 0
12 17 203 0
13 21 232 0
14 33 301 6.25
15 47 385 18.75
16 70 506 18.75
0 0 10 0
1 0 20 0
2 1 40 0
3 1 50 0
4 2 60 0
5 3 70 0
6 3 80 0
7 5 99 0
8 6 109 0
9 7 119 0
10 8 129 0
11 9 139 0
12 19 208 6.25
13 29 271 6.25
14 38 326 18.75
15 46 374 18.75
16 54 421 37.5
0 0 10 0
1 0 20 0
2 1 53 0
3 2 72 0
4 2 82 0
5 3 92 0
6 4 102 0
7 4 112 0
8 5 122 0
9 6 132 0
10 9 152 0
11 10 162 0
12 19 224 0
13 24 262 0
14 26 272 0
15 37 338 6.25
16 49 400 18.75
0 0 10 0
1 1 20 0
2 1 30 0
3 1 40 0
4 2 50 0
5 3 60 0
6 3 70 0
7 4 80 0
8 5 90 0
9 9 129 0
10 15 179 0
11 16 189 0
12 21 227 0
13 29 281 0
14 38 335 0
15 45 377 0
16 58 446 6.25
0 0 10 0
1 1 20 0
2 1 30 0
3 1 40 0
4 2 50 0
5 2 60 0
6 3 79 0
7 4 89 0
8 7 127 0
9 8 137 0
10 15 189 0
11 18 218 0
12 22 248 0
13 33 316 6.25
14 43 377 18.75
15 52 424 37.5
16 61 471 37.5
0 0 10 0
1 0 20 0
2 1 30 0
3 1 40 0
4 2 50 0
5 2 60 0
6 3 70 0
7 4 80 0
8 5 99 0
9 6 109 0
10 9 136 0
11 10 146 0
12 11 156 0
13 13 166 0
14 20 213 0
15 31 278 0
16 43 342 6.25
0 1 10 0
1 1 20 0
2 1 30 0
3 2 50 0
4 2 60 0
5 2 70 0
6 3 80 0
7 4 90 0
8 6 110 0
9 7 120 0
10 8 130 0
11 11 159 0
12 14 179 0
13 26 255 0
14 35 313 0
15 36 323 0
16 48 382 6.25
