0 0 10 0
1 0 20 0
2 1 30 0
3 1 40 0
4 2 50 0
5 2 60 0
6 4 87 0
7 5 97 0
8 7 117 0
9 8 127 0
10 9 137 0
11 12 167 0
12 16 194 0
13 23 243 0
14 37 338 6.25
15 54 442 6.25
16 68 524 18.75
0 0 10 0
1 1 20 0
2 1 30 0
3 1 40 0
4 2 50 0
5 2 60 0
6 3 70 0
7 4 80 0
8 5 90 0
9 6 100 0
10 9 126 0
11 14 174 0
12 17 194 0
13 25 251 0
14 27 261 0
15 34 308 0
16 46 378 6.25
0 0 10 0
1 1 77 0
2 1 87 0
3 2 97 0
4 2 107 0
5 3 117 0
6 3 127 0
7 4 137 0
8 6 157 0
9 7 167 0
10 8 177 0
11 12 204 0
12 15 231 0
13 16 241 0
14 23 281 0
15 34 351 6.25
16 48 435 18.75
0 0 10 0
1 1 20 0
2 1 30 0
3 1 40 0
4 2 50 0
5 2 60 0
6 3 70 0
7 5 90 0
8 10 152 6.25
9 24 291 6.25
10 36 393 6.25
11 49 499 6.25
12 61 595 6.25
13 78 711 6.25
14 99 849 6.25
15 118 969 6.25
16 133 1059 6.25
0 1 10 0
1 1 20 0
2 1 30 0
3 1 40 0
4 2 50 0
5 3 60 0
6 3 70 0
7 6 99 0
8 7 109 0
9 8 119 0
10 9 129 0
11 11 149 0
12 15 178 0
13 16 188 0
14 27 257 6.25
15 38 329 6.25
16 51 402 18.75
0 0 10 0
1 0 20 0
2 0 30 0
3 3 99 6.25
4 9 219 6.25
5 16 339 6.25
6 25 455 6.25
7 34 571 6.25
8 46 706 6.25
9 58 818 6.25
10 71 938 6.25
11 79 1008 12.5
12 92 1103 12.5
13 110 1231 12.5
14 119 1291 25
15 129 1354 43.75
16 140 1415 43.75
0 0 10 0
1 1 20 0
2 1 30 0
3 1 40 0
4 2 59 0
5 3 69 0
6 4 79 0
7 5 97 0
8 8 131 0
9 9 141 0
10 10 151 0
11 12 161 0
12 14 180 0
13 27 272 6.25
14 43 375 6.25
15 59 477 6.25
16 70 537 6.25
0 0 10 0
1 0 20 0
2 0 30 0
3 1 49 0
4 5 129 6.25
5 12 247 6.25
6 19 333 6.25
7 28 445 6.25
8 38 565 6.25
9 51 685 6.25
10 64 805 6.25
11 71 866 6.25
12 88 995 6.25
13 107 1126 6.25
14 128 1264 6.25
15 148 1387 6.25
16 170 1515 6.25
0 0 10 0
1 0 20 0
2 0 30 0
3 1 40 0
4 2 76 0
5 3 86 0
6 4 96 0
7 5 106 0
8 5 116 0
9 6 126 0
10 8 136 0
11 12 173 0
12 13 183 0
13 15 193 0
14 19 223 0
15 36 323 6.25
16 63 484 6.25
0 0 10 0
1 0 20 0
2 1 60 0
3 2 70 0
4 2 80 0
5 3 100 0
6 4 110 0
7 5 120 0
8 6 130 0
9 8 149 0
10 9 159 0
11 10 169 0
12 11 179 0
13 18 227 0
14 30 304 6.25
15 42 380 6.25
16 56 458 6.25
0 0 10 0
1 0 20 0
2 1 52 0
3 1 62 0
4 2 72 0
5 2 82 0
6 3 92 0
7 4 102 0
8 7 131 0
9 8 141 0
10 9 151 0
11 11 171 0
12 12 181 0
13 14 191 0
14 24 261 6.25
15 44 380 6.25
16 70 536 6.25
0 0 10 0
1 0 20 0
2 0 30 0
3 1 40 0
4 1 50 0
5 2 60 0
6 3 70 0
7 3 80 0
8 4 90 0
9 10 142 0
10 25 280 6.25
11 39 399 6.25
12 58 539 6.25
13 74 658 6.25
14 93 778 6.25
15 118 932 6.25
16 133 1021 6.25
0 0 10 0
1 0 20 0
2 1 30 0
3 1 40 0
4 1 50 0
5 2 60 0
6 3 70 0
7 4 89 0
8 5 99 0
9 6 109 0
10 7 119 0
11 10 139 0
12 14 174 0
13 21 220 0
14 30 279 0
15 40 341 6.25
16 50 398 18.75
0 0 10 0
1 1 20 0
2 1 30 0
3 1 40 0
4 2 50 0
5 3 70 0
6 4 80 0
7 4 90 0
8 5 100 0
9 11 153 0
10 12 163 0
11 13 173 0
12 16 193 0
13 17 203 0
14 22 233 0
15 34 307 0
16 45 374 6.25
0 0 10 0
1 0 20 0
2 1 57 0
3 1 67 0
4 2 77 0
5 3 87 0
6 3 97 0
7 8 155 0
8 9 165 0
9 10 175 0
10 18 252 6.25
11 34 382 6.25
12 48 490 6.25
13 57 552 18.75
14 66 609 18.75
15 73 652 37.5
16 81 700 62.5
0 0 10 0
1 0 20 0
2 0 30 0
3 0 40 0
4 0 50 0
5 2 78 0
6 4 106 0
7 5 116 0
8 6 126 0
9 9 160 0
10 10 170 0
11 15 207 0
12 23 267 0
13 32 330 0
14 33 340 0
15 41 389 0
16 54 467 6.25
0 0 10 0
1 0 20 0
2 0 40 0
3 1 50 0
4 1 60 0
5 2 70 0
6 3 89 0
7 4 99 0
8 5 109 0
9 8 139 0
10 9 149 0
11 13 177 0
12 14 187 0
13 18 215 0
14 24 259 0
15 36 333 6.25
16 51 416 6.25
0 0 10 0
1 0 20 0
2 1 30 0
3 1 40 0
4 2 50 0
5 2 60 0
6 3 70 0
7 4 80 0
8 7 119 0
9 8 129 0
10 9 139 0
11 11 149 0
12 13 169 0
13 25 252 6.25
14 35 321 18.75
15 49 403 18.75
16 57 445 37.5
0 0 10 0
1 1 30 0
2 1 40 0
3 2 68 0
4 3 87 0
5 4 97 0
6 4 107 0
7 5 117 0
8 6 127 0
9 7 137 0
10 9 156 0
11 27 298 6.25
12 39 393 6.25
13 59 533 6.25
14 76 645 6.25
15 89 724 6.25
16 99 781 6.25
0 0 10 0
1 0 20 0
2 1 30 0
3 1 40 0
4 2 50 0
5 2 60 0
6 3 70 0
7 4 80 0
8 6 100 0
9 7 110 0
10 8 120 0
11 10 139 0
12 11 149 0
13 17 187 0
14 20 207 0
15 36 305 6.25
16 48 375 18.75
0 0 10 0
1 0 20 0
2 0 40 0
3 1 50 0
4 2 69 0
5 2 79 0
6 3 89 0
7 6 130 0
8 7 140 0
9 8 150 0
10 9 160 0
11 12 180 0
12 13 190 0
13 23 262 6.25
14 36 344 6.25
15 47 412 18.75
16 55 456 37.5
0 0 10 0
1 0 20 0
2 1 30 0
3 1 40 0
4 2 50 0
5 2 60 0
6 4 80 0
7 4 90 0
8 5 100 0
9 6 110 0
10 7 120 0
11 15 184 0
12 16 194 0
13 18 204 0
14 19 214 0
15 31 283 6.25
16 50 396 6.25
0 0 10 0
1 0 20 0
2 1 30 0
3 2 64 0
4 3 74 0
5 3 84 0
6 4 94 0
7 6 114 0
8 6 124 0
9 11 166 0
10 12 176 0
11 13 186 0
12 14 196 0
13 16 206 0
14 27 281 0
15 39 355 6.25
16 53 434 18.75
0 0 10 0
1 0 20 0
2 0 30 0
3 1 40 0
4 1 50 0
5 3 87 0
6 4 97 0
7 5 107 0
8 6 117 0
9 7 127 0
10 8 137 0
11 10 157 0
12 12 167 0
13 20 222 0
14 26 267 0
15 39 345 6.25
16 50 412 6.25
0 1 10 0
1 2 58 0
2 2 78 0
3 3 88 0
4 3 98 0
5 4 108 0
6 4 118 0
7 5 128 0
8 6 138 0
9 13 202 0
10 19 261 0
11 24 302 0
12 28 329 0
13 39 409 6.25
14 51 485 6.25
15 76 644 6.25
16 88 711 18.75
0 0 10 0
1 0 20 0
2 0 30 0
3 1 40 0
4 1 50 0
5 2 60 0
6 3 80 0
7 7 122 0
8 8 132 0
9 9 142 0
10 10 152 0
11 16 203 0
12 25 276 6.25
13 44 409 6.25
14 61 518 6.25
15 74 600 6.25
16 87 675 18.75
0 0 10 0
1 0 29 0
2 1 39 0
3 1 58 0
4 2 68 0
5 3 87 0
6 4 97 0
7 5 107 0
8 9 160 0
9 10 170 0
10 12 180 0
11 13 190 0
12 15 210 0
13 17 220 0
14 18 230 0
15 23 258 0
16 36 334 6.25
0 0 10 0
1 0 20 0
2 1 30 0
3 1 40 0
4 1 50 0
5 992 137 6.25
6 1003 298 6.25
7 1013 418 6.25
8 1025 548 6.25
9 1037 668 6.25
10 1051 795 6.25
11 1065 912 6.25
12 1077 1003 6.25
13 1090 1094 6.25
14 1101 1167 6.25
15 1110 1225 18.75
16 1117 1259 37.5
0 0 10 0
1 0 20 0
2 0 30 0
3 1 40 0
4 1 50 0
5 2 60 0
6 3 80 0
7 4 90 0
8 5 100 0
9 6 110 0
10 7 120 0
11 17 198 6.25
12 30 298 6.25
13 40 370 6.25
14 57 480 6.25
15 68 550 12.5
16 80 618 25
0 0 10 0
1 0 20 0
2 1 39 0
3 1 49 0
4 3 78 0
5 3 88 0
6 5 121 0
7 6 131 0
8 7 141 0
9 10 167 0
10 15 211 0
11 16 221 0
12 17 231 0
13 25 289 6.25
14 50 458 6.25
15 63 536 18.75
16 72 591 37.5
0 0 10 0
1 1 30 0
2 1 40 0
3 1 50 0
4 2 70 0
5 3 80 0
6 4 100 0
7 5 110 0
8 6 120 0
9 11 170 0
10 12 180 0
11 14 190 0
12 15 200 0
13 22 249 0
14 32 319 6.25
15 41 370 6.25
16 63 499 6.25
0 0 10 0
1 0 30 0
2 1 40 0
3 1 50 0
4 2 60 0
5 2 70 0
6 3 80 0
7 4 90 0
8 5 100 0
9 7 119 0
10 11 159 0
11 16 202 0
12 26 273 0
13 32 318 0
14 44 399 6.25
15 54 461 18.75
16 64 517 37.5
0 1 10 0
1 1 20 0
2 1 40 0
3 2 50 0
4 2 60 0
5 3 70 0
6 4 80 0
7 6 107 0
8 7 117 0
9 8 127 0
10 10 147 0
11 12 167 0
12 14 177 0
13 17 197 0
14 18 207 0
15 31 284 6.25
16 40 337 6.25
0 0 10 0
1 0 20 0
2 0 30 0
3 1 40 0
4 1 50 0
5 2 60 0
6 2 70 0
7 3 80 0
8 4 90 0
9 6 109 0
10 13 170 0
11 23 254 6.25
12 34 339 6.25
13 46 420 6.25
14 65 545 6.25
15 84 660 6.25
16 113 834 6.25
0 1 10 0
1 1 20 0
2 1 30 0
3 1 40 0
4 2 50 0
5 3 60 0
6 4 80 0
7 5 90 0
8 7 110 0
9 8 120 0
10 9 130 0
11 12 159 0
12 17 198 0
13 27 263 0
14 35 319 6.25
15 46 387 18.75
16 54 431 37.5
0 0 10 0
1 0 20 0
2 1 30 0
3 4 99 6.25
4 10 219 6.25
5 17 338 6.25
6 146 458 6.25
7 156 578 6.25
8 167 698 6.25
9 179 818 6.25
10 192 938 6.25
11 207 1058 6.25
12 222 1176 6.25
13 244 1328 6.25
14 256 1406 6.25
15 268 1480 12.5
16 296 1646 12.5
0 0 10 0
1 0 20 0
2 1 30 0
3 1 40 0
4 2 50 0
5 3 70 0
6 3 80 0
7 4 90 0
8 5 100 0
9 6 110 0
10 7 120 0
11 14 174 0
12 18 203 0
13 24 246 0
14 36 324 6.25
15 46 388 18.75
16 56 447 37.5
0 0 10 0
1 0 20 0
2 1 30 0
3 1 40 0
4 3 68 0
5 3 78 0
6 4 88 0
7 8 143 0
8 13 197 0
9 18 241 0
10 21 270 0
11 24 298 0
12 34 374 6.25
13 50 485 6.25
14 75 647 6.25
15 91 747 6.25
16 103 816 18.75
0 0 10 0
1 0 20 0
2 1 30 0
3 1 40 0
4 2 65 0
5 3 75 0
6 6 121 0
7 7 131 0
8 9 151 0
9 10 168 0
10 14 204 0
11 16 214 0
12 17 224 0
13 20 244 0
14 32 325 6.25
15 57 479 6.25
16 66 529 18.75
0 0 10 0
1 0 20 0
2 2 56 0
3 2 66 0
4 4 107 0
5 5 117 0
6 5 127 0
7 6 137 0
8 7 147 0
9 8 157 0
10 12 190 0
11 13 200 0
12 21 261 0
13 26 297 0
14 39 386 6.25
15 53 477 6.25
16 70 576 6.25
0 0 10 0
1 1 20 0
2 1 30 0
3 1 40 0
4 2 50 0
5 2 60 0
6 3 70 0
7 4 80 0
8 5 90 0
9 7 110 0
10 8 120 0
11 9 130 0
12 13 158 0
13 14 168 0
14 27 253 6.25
15 45 364 6.25
16 56 429 18.75
0 0 10 0
1 1 20 0
2 1 30 0
3 1 40 0
4 2 60 0
5 4 88 0
6 5 98 0
7 5 108 0
8 6 118 0
9 7 128 0
10 10 148 0
11 11 158 0
12 17 203 0
13 22 241 0
14 27 270 0
15 28 280 0
16 34 313 0
0 0 10 0
1 0 30 0
2 1 40 0
3 1 50 0
4 1 60 0
5 2 70 0
6 4 98 0
7 6 118 0
8 7 128 0
9 8 138 0
10 10 158 0
11 11 168 0
12 19 228 0
13 20 238 0
14 33 319 6.25
15 45 396 18.75
16 57 465 18.75
0 1 10 0
1 1 20 0
2 1 30 0
3 2 63 0
4 3 73 0
5 4 83 0
6 5 103 0
7 7 123 0
8 7 133 0
9 9 153 0
10 11 163 0
11 15 200 0
12 19 229 0
13 27 288 0
14 34 333 0
15 37 353 0
16 52 441 6.25
0 0 10 0
1 0 20 0
2 0 30 0
3 1 40 0
4 1 50 0
5 2 60 0
6 2 70 0
7 3 80 0
8 7 125 0
9 8 135 0
10 12 171 0
11 14 181 0
12 17 210 0
13 20 229 0
14 22 239 0
15 34 315 6.25
16 45 379 6.25
0 0 10 0
1 0 20 0
2 1 30 0
3 1 40 0
4 2 50 0
5 6 121 0
6 7 131 0
7 7 141 0
8 8 151 0
9 9 161 0
10 10 171 0
11 13 191 0
12 14 201 0
13 16 211 0
14 27 286 0
15 29 296 0
16 34 325 0
0 0 10 0
1 0 29 0
2 0 39 0
3 1 49 0
4 1 59 0
5 2 69 0
6 3 79 0
7 3 89 0
8 6 117 0
9 7 127 0
10 11 166 0
11 14 186 0
12 22 246 0
13 27 285 0
14 29 295 0
15 39 356 0
16 50 423 6.25
0 0 10 0
1 1 20 0
2 1 30 0
3 1 40 0
4 2 50 0
5 2 60 0
6 3 70 0
7 4 80 0
8 5 90 0
9 6 100 0
10 7 110 0
11 10 137 0
12 11 147 0
13 12 157 0
14 17 191 0
15 23 225 0
16 34 294 6.25
0 0 10 0
1 0 20 0
2 0 30 0
3 1 40 0
4 1 50 0
5 2 60 0
6 2 70 0
7 3 80 0
8 4 90 0
9 5 100 0
10 6 110 0
11 8 120 0
12 9 130 0
13 12 150 0
14 15 170 0
15 19 199 0
16 24 227 0
0 1 10 0
1 1 20 0
2 2 62 0
3 3 82 0
4 3 92 0
5 4 102 0
6 5 112 0
7 9 166 0
8 10 176 0
9 11 186 0
10 12 196 0
11 18 246 0
12 19 256 0
13 27 307 0
14 47 442 6.25
15 58 511 18.75
16 72 591 18.75
0 0 10 0
1 1 20 0
2 1 30 0
3 1 40 0
4 2 50 0
5 2 60 0
6 3 70 0
7 4 80 0
8 5 90 0
9 6 100 0
10 7 110 0
11 8 120 0
12 9 130 0
13 11 140 0
14 16 175 0
15 30 260 6.25
16 56 410 6.25
0 0 10 0
1 0 20 0
2 1 30 0
3 3 82 0
4 3 92 0
5 4 102 0
6 5 112 0
7 5 122 0
8 9 159 0
9 10 169 0
10 11 179 0
11 16 222 0
12 25 286 0
13 33 349 6.25
14 57 507 6.25
15 68 570 18.75
16 77 623 18.75
0 0 10 0
1 1 20 0
2 1 47 0
3 2 57 0
4 3 85 0
5 4 95 0
6 4 105 0
7 5 115 0
8 6 125 0
9 10 166 0
10 18 236 6.25
11 28 309 6.25
12 43 425 6.25
13 61 552 6.25
14 76 650 6.25
15 87 719 18.75
16 105 823 18.75
0 0 10 0
1 1 29 0
2 1 39 0
3 1 49 0
4 2 59 0
5 3 69 0
6 3 79 0
7 4 89 0
8 6 109 0
9 7 119 0
10 8 129 0
11 9 139 0
12 11 149 0
13 14 177 0
14 16 187 0
15 24 236 0
16 36 308 6.25
0 0 10 0
1 0 20 0
2 0 30 0
3 0 40 0
4 1 50 0
5 3 94 0
6 4 104 0
7 5 114 0
8 6 124 0
9 7 134 0
10 8 144 0
11 9 154 0
12 10 164 0
13 13 183 0
14 15 193 0
15 18 213 0
16 32 293 6.25
0 0 10 0
1 0 20 0
2 0 30 0
3 1 50 0
4 1 60 0
5 2 70 0
6 3 80 0
7 4 90 0
8 5 100 0
9 6 110 0
10 7 120 0
11 16 200 0
12 20 230 0
13 24 258 0
14 26 268 0
15 27 278 0
16 39 345 6.25
0 0 10 0
1 0 20 0
2 1 30 0
3 1 50 0
4 2 60 0
5 4 90 0
6 5 109 0
7 6 119 0
8 7 129 0
9 8 139 0
10 9 149 0
11 10 159 0
12 22 249 6.25
13 38 363 6.25
14 54 462 6.25
15 79 621 6.25
16 92 696 18.75
0 0 10 0
1 1 20 0
2 1 30 0
3 1 40 0
4 2 50 0
5 2 60 0
6 3 70 0
7 5 100 0
8 6 110 0
9 12 167 6.25
10 24 277 6.25
11 35 364 6.25
12 50 475 6.25
13 62 561 6.25
14 72 630 6.25
15 87 722 6.25
16 99 791 18.75
0 0 10 0
1 0 20 0
2 1 30 0
3 1 40 0
4 2 50 0
5 2 60 0
6 3 70 0
7 4 80 0
8 5 90 0
9 6 100 0
10 9 126 0
11 13 165 0
12 19 206 0
13 21 226 0
14 23 236 0
15 25 246 0
16 37 318 0
0 0 10 0
1 0 20 0
2 1 40 0
3 2 60 0
4 2 70 0
5 3 80 0
6 3 90 0
7 4 100 0
8 5 110 0
9 6 120 0
10 8 140 0
11 10 150 0
12 11 160 0
13 15 188 0
14 28 274 6.25
15 40 346 18.75
16 50 403 37.5
0 0 10 0
1 0 20 0
2 0 30 0
3 1 40 0
4 1 50 0
5 2 70 0
6 4 89 0
7 4 99 0
8 5 109 0
9 6 119 0
10 7 129 0
11 11 158 0
12 20 227 6.25
13 40 369 6.25
14 50 433 6.25
15 62 501 6.25
16 73 563 18.75
0 0 10 0
1 0 20 0
2 0 30 0
3 1 40 0
4 1 50 0
5 2 60 0
6 3 80 0
7 4 90 0
8 5 100 0
9 6 110 0
10 7 120 0
11 8 130 0
12 10 140 0
13 14 168 0
14 23 231 6.25
15 35 305 6.25
16 49 387 18.75
0 0 10 0
1 1 29 0
2 1 39 0
3 2 49 0
4 2 59 0
5 4 91 0
6 5 101 0
7 5 111 0
8 7 130 0
9 8 140 0
10 9 150 0
11 13 178 0
12 14 188 0
13 15 198 0
14 22 241 0
15 34 314 6.25
16 49 400 18.75
0 0 10 0
1 0 20 0
2 0 30 0
3 1 40 0
4 1 50 0
5 2 60 0
6 2 70 0
7 3 80 0
8 4 90 0
9 5 100 0
10 6 110 0
11 7 120 0
12 11 148 0
13 12 158 0
14 26 254 6.25
15 36 318 6.25
16 48 383 18.75
0 0 10 0
1 0 20 0
2 0 30 0
3 1 40 0
4 1 50 0
5 3 85 0
6 5 104 0
7 6 124 0
8 7 134 0
9 8 144 0
10 12 180 0
11 13 190 0
12 16 209 0
13 17 219 0
14 19 229 0
15 25 267 0
16 38 341 6.25
0 0 10 0
1 0 20 0
2 0 30 0
3 1 40 0
4 2 59 0
5 3 86 0
6 4 96 0
7 5 106 0
8 8 146 0
9 9 156 0
10 10 166 0
11 12 176 0
12 14 196 0
13 20 238 0
14 22 248 0
15 35 327 6.25
16 59 470 6.25
0 0 10 0
1 1 20 0
2 1 30 0
3 1 40 0
4 2 50 0
5 3 74 0
6 4 84 0
7 5 94 0
8 6 104 0
9 7 114 0
10 9 133 0
11 10 143 0
12 18 202 6.25
13 32 305 6.25
14 51 430 6.25
15 69 536 6.25
16 82 610 18.75
0 1 10 0
1 1 20 0
2 1 30 0
3 1 40 0
4 2 50 0
5 5 94 0
6 5 104 0
7 7 124 0
8 8 134 0
9 9 144 0
10 10 154 0
11 15 196 0
12 16 206 0
13 19 226 0
14 33 316 6.25
15 57 467 6.25
16 74 565 6.25
0 1 10 0
1 1 20 0
2 1 30 0
3 1 40 0
4 2 50 0
5 4 80 0
6 4 90 0
7 10 160 6.25
8 21 275 6.25
9 33 395 6.25
10 47 524 6.25
11 59 621 18.75
12 73 730 18.75
13 83 790 18.75
14 92 849 18.75
15 110 959 18.75
16 118 1006 37.5
0 0 10 0
1 0 20 0
2 0 30 0
3 2 58 0
4 2 68 0
5 3 78 0
6 3 88 0
7 4 98 0
8 5 108 0
9 6 118 0
10 7 128 0
11 8 138 0
12 10 148 0
13 15 188 0
14 25 253 0
15 27 263 0
16 39 331 6.25
0 0 10 0
1 0 20 0
2 0 30 0
3 1 56 0
4 2 66 0
5 3 86 0
6 4 96 0
7 6 123 0
8 7 133 0
9 8 143 0
10 9 153 0
11 14 192 0
12 21 251 0
13 31 318 6.25
14 48 430 6.25
15 61 509 18.75
16 70 560 37.5
0 0 10 0
1 0 20 0
2 0 30 0
3 1 40 0
4 1 50 0
5 2 60 0
6 2 70 0
7 4 90 0
8 5 100 0
9 6 110 0
10 8 130 0
11 9 140 0
12 14 178 0
13 22 235 0
14 25 255 0
15 41 353 6.25
16 52 414 18.75
0 0 10 0
1 0 39 0
2 1 49 0
3 1 59 0
4 2 69 0
5 2 79 0
6 4 105 0
7 5 115 0
8 6 125 0
9 7 135 0
10 8 145 0
11 9 155 0
12 10 165 0
13 16 203 0
14 19 223 0
15 22 242 0
16 36 321 6.25
0 1 10 0
1 1 20 0
2 1 30 0
3 1 40 0
4 2 50 0
5 3 60 0
6 3 70 0
7 4 80 0
8 5 90 0
9 6 100 0
10 7 110 0
11 10 130 0
12 11 140 0
13 14 160 0
14 18 187 0
15 36 301 6.25
16 58 425 6.25
0 1 10 0
1 1 20 0
2 1 30 0
3 1 40 0
4 2 50 0
5 3 60 0
6 5 89 0
7 5 99 0
8 6 109 0
9 7 119 0
10 8 129 0
11 12 157 0
12 13 167 0
13 15 177 0
14 23 230 0
15 34 301 6.25
16 46 371 18.75
0 0 10 0
1 0 20 0
2 1 40 0
3 1 50 0
4 1 60 0
5 3 88 0
6 5 108 0
7 6 128 0
8 7 138 0
9 8 148 0
10 9 158 0
11 13 187 0
12 14 197 0
13 15 207 0
14 25 272 6.25
15 42 373 6.25
16 68 525 6.25
0 0 10 0
1 0 20 0
2 1 39 0
3 1 49 0
4 2 76 0
5 3 86 0
6 4 106 0
7 7 135 0
8 8 145 0
9 9 155 0
10 10 165 0
11 11 175 0
12 12 185 0
13 15 205 0
14 17 215 0
15 18 225 0
16 27 277 0
0 0 10 0
1 1 40 0
2 1 50 0
3 2 60 0
4 2 70 0
5 3 80 0
6 3 90 0
7 4 100 0
8 5 110 0
9 8 138 0
10 9 148 0
11 10 158 0
12 12 168 0
13 25 263 6.25
14 47 409 6.25
15 62 500 18.75
16 72 557 37.5
0 0 10 0
1 0 20 0
2 1 39 0
3 1 59 0
4 2 69 0
5 2 79 0
6 5 109 0
7 5 119 0
8 6 129 0
9 7 139 0
10 8 149 0
11 17 221 0
12 18 231 0
13 20 241 0
14 25 276 0
15 27 286 0
16 40 364 6.25
0 0 10 0
1 1 20 0
2 1 30 0
3 1 40 0
4 2 50 0
5 2 60 0
6 3 70 0
7 4 80 0
8 5 90 0
9 7 110 0
10 10 139 0
11 11 149 0
12 13 159 0
13 14 169 0
14 23 229 0
15 25 239 0
16 39 324 6.25
0 0 10 0
1 0 20 0
2 0 30 0
3 1 40 0
4 1 50 0
5 2 60 0
6 3 70 0
7 3 80 0
8 9 141 0
9 13 181 0
10 14 191 0
11 24 272 6.25
12 38 380 6.25
13 49 458 6.25
14 67 572 6.25
15 88 704 6.25
16 114 854 6.25
0 0 10 0
1 1 30 0
2 1 40 0
3 1 50 0
4 2 60 0
5 2 70 0
6 4 98 0
7 5 108 0
8 7 128 0
9 8 138 0
10 9 148 0
11 11 167 0
12 15 195 0
13 22 240 0
14 29 291 0
15 31 301 0
16 45 381 6.25
0 0 10 0
1 0 20 0
2 1 30 0
3 2 58 0
4 2 68 0
5 3 78 0
6 4 88 0
7 6 115 0
8 10 157 0
9 12 177 0
10 13 187 0
11 14 197 0
12 15 207 0
13 26 280 6.25
14 49 433 6.25
15 61 507 18.75
16 69 551 37.5
0 0 10 0
1 0 20 0
2 0 30 0
3 1 40 0
4 1 50 0
5 2 60 0
6 2 70 0
7 4 90 0
8 5 100 0
9 7 120 0
10 8 130 0
11 9 140 0
12 13 168 0
13 14 178 0
14 19 206 0
15 20 216 0
16 30 271 6.25
0 0 10 0
1 1 30 0
2 1 40 0
3 2 50 0
4 3 70 0
5 3 80 0
6 5 107 0
7 6 117 0
8 8 137 0
9 13 189 0
10 17 227 0
11 18 237 0
12 21 256 0
13 31 326 0
14 39 382 18.75
15 48 434 37.5
16 57 485 62.5
0 0 10 0
1 0 20 0
2 1 49 0
3 1 59 0
4 2 78 0
5 11 223 6.25
6 19 337 6.25
7 29 457 6.25
8 38 553 6.25
9 50 673 6.25
10 62 786 6.25
11 76 902 6.25
12 90 1016 6.25
13 109 1148 6.25
14 120 1220 12.5
15 129 1277 25
16 137 1319 43.75
0 0 10 0
1 0 20 0
2 0 30 0
3 1 50 0
4 2 60 0
5 2 70 0
6 3 80 0
7 4 90 0
8 5 100 0
9 6 110 0
10 9 138 0
11 10 148 0
12 11 158 0
13 13 168 0
14 24 244 6.25
15 44 368 6.25
16 59 455 18.75
0 0 10 0
1 1 20 0
2 1 30 0
3 2 50 0
4 3 78 0
5 4 88 0
6 4 98 0
7 5 108 0
8 6 118 0
9 8 138 0
10 14 187 0
11 21 250 0
12 26 289 0
13 33 334 0
14 43 401 6.25
15 55 476 18.75
16 65 537 37.5
0 1 10 0
1 1 20 0
2 1 30 0
3 1 40 0
4 2 50 0
5 3 60 0
6 3 70 0
7 4 80 0
8 6 100 0
9 7 110 0
10 8 120 0
11 9 130 0
12 17 188 0
13 25 242 0
14 30 275 0
15 41 345 6.25
16 55 429 6.25
0 0 10 0
1 1 20 0
2 1 30 0
3 1 40 0
4 2 60 0
5 3 70 0
6 4 80 0
7 4 90 0
8 5 100 0
9 6 110 0
10 9 130 0
11 11 150 0
12 12 160 0
13 15 180 0
14 22 226 0
15 24 236 0
16 40 328 6.25
0 0 10 0
1 0 20 0
2 1 30 0
3 1 50 0
4 2 60 0
5 3 70 0
6 3 80 0
7 4 90 0
8 5 100 0
9 6 110 0
10 7 120 0
11 8 130 0
12 18 205 0
13 20 215 0
14 29 278 6.25
15 41 352 6.25
16 53 419 18.75
0 0 10 0
1 0 20 0
2 0 30 0
3 1 40 0
4 1 50 0
5 2 60 0
6 3 70 0
7 8 137 0
8 14 200 0
9 15 210 0
10 18 244 0
11 27 311 0
12 28 321 0
13 35 372 0
14 46 444 6.25
15 71 600 6.25
16 84 675 18.75
0 0 10 0
1 0 20 0
2 1 30 0
3 1 40 0
4 2 50 0
5 2 60 0
6 3 70 0
7 4 80 0
8 5 90 0
9 6 100 0
10 7 110 0
11 8 120 0
12 17 186 6.25
13 36 319 6.25
14 48 403 6.25
15 62 487 18.75
16 73 552 37.5
0 0 10 0
1 0 20 0
2 1 30 0
3 1 40 0
4 2 60 0
5 3 70 0
6 3 80 0
7 4 90 0
8 5 100 0
9 9 140 0
10 10 150 0
11 11 160 0
12 15 184 0
13 23 246 0
14 36 331 6.25
15 48 406 6.25
16 60 474 18.75
0 0 10 0
1 0 20 0
2 1 30 0
3 1 40 0
4 2 50 0
5 2 60 0
6 3 70 0
7 4 80 0
8 5 90 0
9 6 100 0
10 7 110 0
11 8 120 0
12 12 149 0
13 13 159 0
14 25 240 6.25
15 45 358 6.25
16 62 458 6.25
0 0 10 0
1 0 20 0
2 1 30 0
3 1 40 0
4 2 60 0
5 3 70 0
6 4 90 0
7 5 100 0
8 9 147 0
9 11 166 0
10 13 185 0
11 14 195 0
12 16 205 0
13 20 234 0
14 31 310 6.25
15 42 374 18.75
16 54 446 18.75
0 0 10 0
1 0 20 0
2 1 30 0
3 1 40 0
4 2 50 0
5 2 60 0
6 3 70 0
7 5 98 0
8 6 108 0
9 7 118 0
10 8 128 0
11 10 138 0
12 12 158 0
13 16 188 0
14 18 198 0
15 31 277 6.25
16 44 356 18.75
0 0 10 0
1 0 20 0
2 1 55 0
3 1 65 0
4 2 75 0
5 3 85 0
6 5 114 0
7 7 146 0
8 8 156 0
9 14 213 0
10 15 223 0
11 23 286 0
12 24 296 0
13 25 306 0
14 30 335 0
15 35 365 0
16 43 417 0
0 0 10 0
1 0 20 0
2 0 30 0
3 1 40 0
4 1 50 0
5 2 60 0
6 3 70 0
7 4 90 0
8 5 100 0
9 6 110 0
10 7 120 0
11 8 130 0
12 13 165 0
13 19 210 0
14 32 291 6.25
15 45 372 18.75
16 54 424 37.5
0 0 10 0
1 0 20 0
2 0 30 0
3 1 40 0
4 1 50 0
5 2 60 0
6 3 80 0
7 4 90 0
8 6 110 0
9 10 147 0
10 11 157 0
11 13 177 0
12 14 187 0
13 24 261 6.25
14 45 397 6.25
15 56 467 6.25
16 66 527 18.75
