0 1 10 0
1 1 30 0
2 1 40 0
3 2 50 0
4 2 60 0
5 4 87 0
6 5 97 0
7 7 123 0
8 9 149 0
9 11 159 0
10 12 169 0
11 13 179 0
12 15 198 0
13 17 208 0
14 27 271 0
15 30 291 0
16 41 352 6.25
0 0 10 0
1 0 20 0
2 1 30 0
3 1 40 0
4 1 50 0
5 2 60 0
6 4 89 0
7 8 134 0
8 9 144 0
9 10 154 0
10 13 179 0
11 17 208 0
12 20 235 0
13 29 292 0
14 32 310 0
15 47 398 6.25
16 61 480 6.25
0 0 10 0
1 1 28 0
2 1 38 0
3 2 48 0
4 2 58 0
5 3 68 0
6 4 78 0
7 6 105 0
8 7 115 0
9 11 151 0
10 12 161 0
11 13 171 0
12 19 216 0
13 33 312 18.75
14 64 507 12.5
15 79 594 25
16 93 672 43.75
0 1 10 0
1 1 20 0
2 1 30 0
3 2 40 0
4 2 50 0
5 3 60 0
6 3 70 0
7 4 80 0
8 5 90 0
9 6 100 0
10 7 110 0
11 9 120 0
12 11 138 0
13 14 156 0
14 21 202 0
15 24 221 0
16 26 231 0
0 0 10 0
1 0 20 0
2 1 30 0
3 1 40 0
4 1 50 0
5 2 60 0
6 3 70 0
7 4 80 0
8 5 90 0
9 7 117 0
10 11 150 0
11 17 192 0
12 22 231 0
13 23 241 0
14 32 292 6.25
15 43 359 6.25
16 58 443 18.75
0 1 10 0
1 1 20 0
2 1 30 0
3 2 40 0
4 2 50 0
5 3 60 0
6 3 70 0
7 6 103 0
8 10 145 0
9 11 155 0
10 14 183 0
11 21 238 0
12 23 248 0
13 26 273 0
14 31 307 0
15 44 385 18.75
16 71 538 18.75
0 0 10 0
1 0 20 0
2 2 60 0
3 2 80 0
4 3 90 0
5 4 100 0
6 5 118 0
7 6 128 0
8 7 138 0
9 10 175 0
10 17 228 0
11 18 238 0
12 22 265 0
13 31 330 0
14 41 390 6.25
15 55 471 6.25
16 66 536 6.25
0 0 10 0
1 0 20 0
2 0 30 0
3 1 40 0
4 1 50 0
5 2 70 0
6 3 89 0
7 4 99 0
8 6 118 0
9 11 167 0
10 17 219 0
11 18 229 0
12 23 266 0
13 27 294 0
14 36 349 0
15 52 441 6.25
16 72 554 6.25
0 0 10 0
1 0 20 0
2 1 30 0
3 2 59 0
4 3 69 0
5 4 95 0
6 6 114 0
7 6 124 0
8 9 158 0
9 12 191 0
10 21 270 0
11 28 319 0
12 39 398 6.25
13 56 517 6.25
14 81 674 12.5
15 99 781 12.5
16 124 917 12.5
0 0 10 0
1 1 44 0
2 1 54 0
3 2 83 0
4 3 101 0
5 4 111 0
6 5 121 0
7 5 131 0
8 9 166 0
9 11 185 0
10 12 195 0
11 18 244 0
12 20 254 0
13 27 306 0
14 38 374 6.25
15 60 504 6.25
16 86 651 6.25
0 0 10 0
1 1 20 0
2 1 37 0
3 2 47 0
4 2 57 0
5 3 67 0
6 4 77 0
7 5 87 0
8 6 97 0
9 11 152 0
10 12 162 0
11 19 214 0
12 20 224 0
13 31 294 6.25
14 43 370 18.75
15 58 458 18.75
16 71 528 18.75
0 0 10 0
1 0 20 0
2 0 30 0
3 1 48 0
4 2 58 0
5 2 68 0
6 3 78 0
7 4 88 0
8 7 117 0
9 10 145 0
10 11 155 0
11 12 165 0
12 13 175 0
13 15 185 0
14 21 225 0
15 36 310 6.25
16 49 386 18.75
