0 0 10 0
1 0 20 0
2 1 30 0
3 1 50 0
4 2 60 0
5 3 80 0
6 4 90 0
7 6 110 0
8 16 220 0
9 17 230 0
10 18 240 0
11 19 250 0
12 21 270 0
13 23 280 0
14 24 290 0
15 44 410 6.25
16 64 530 18.75
0 0 10 0
1 1 20 0
2 1 30 0
3 2 50 0
4 2 60 0
5 3 70 0
6 4 80 0
7 4 90 0
8 5 100 0
9 6 110 0
10 7 120 0
11 9 130 0
12 10 140 0
13 11 150 0
14 19 200 0
15 30 270 0
16 51 390 6.25
0 0 10 0
1 0 20 0
2 0 30 0
3 1 50 0
4 3 90 0
5 4 100 0
6 4 110 0
7 5 120 0
8 6 130 0
9 11 180 0
10 15 210 0
11 16 220 0
12 18 240 0
13 35 360 6.25
14 57 500 6.25
15 76 620 18.75
16 97 740 37.5
0 1 10 0
1 1 20 0
2 1 40 0
3 2 50 0
4 2 60 0
5 3 70 0
6 4 80 0
7 4 90 0
8 5 100 0
9 6 110 0
10 9 130 0
11 10 140 0
12 16 190 0
13 30 290 0
14 43 370 0
15 62 490 6.25
16 83 610 18.75
0 0 10 0
1 0 20 0
2 0 30 0
3 1 50 0
4 1 60 0
5 2 70 0
6 3 80 0
7 4 90 0
8 5 100 0
9 6 110 0
10 7 120 0
11 9 140 0
12 13 170 0
13 16 190 0
14 34 310 6.25
15 58 460 6.25
16 79 580 6.25
0 0 10 0
1 0 20 0
2 1 50 0
3 1 60 0
4 2 70 0
5 3 90 0
6 4 100 0
7 5 110 0
8 6 120 0
9 8 140 0
10 9 150 0
11 10 160 0
12 11 170 0
13 17 210 0
14 24 260 0
15 26 270 0
16 47 390 6.25
0 0 10 0
1 0 20 0
2 0 30 0
3 1 40 0
4 1 50 0
5 2 60 0
6 3 70 0
7 3 80 0
8 8 130 0
9 9 140 0
10 13 180 0
11 19 230 0
12 21 240 0
13 24 260 0
14 33 320 0
15 38 350 0
16 53 440 0
0 0 10 0
1 1 30 0
2 1 40 0
3 1 50 0
4 2 60 0
5 2 70 0
6 3 80 0
7 5 100 0
8 6 110 0
9 10 150 0
10 11 160 0
11 14 190 0
12 16 200 0
13 17 210 0
14 35 330 6.25
15 56 460 6.25
16 77 580 18.75
0 0 10 0
1 0 20 0
2 1 40 0
3 1 50 0
4 2 60 0
5 2 70 0
6 4 90 0
7 5 100 0
8 6 110 0
9 15 200 0
10 19 240 0
11 20 250 0
12 22 260 0
13 34 350 0
14 53 470 6.25
15 72 590 18.75
16 93 710 18.75
0 0 10 0
1 0 20 0
2 0 30 0
3 1 40 0
4 1 50 0
5 2 60 0
6 2 70 0
7 4 90 0
8 5 100 0
9 6 110 0
10 7 120 0
11 11 150 0
12 17 200 0
13 19 210 0
14 20 220 0
15 40 340 6.25
16 60 460 18.75
0 0 10 0
1 1 40 0
2 1 50 0
3 2 60 0
4 2 70 0
5 3 80 0
6 3 90 0
7 5 110 0
8 9 150 0
9 10 160 0
10 11 170 0
11 12 180 0
12 13 190 0
13 16 210 0
14 21 240 0
15 40 360 6.25
16 61 480 18.75
0 0 10 0
1 0 20 0
2 1 40 0
3 1 50 0
4 2 60 0
5 3 90 0
6 5 110 0
7 6 120 0
8 6 130 0
9 8 150 0
10 9 160 0
11 10 170 0
12 12 190 0
13 21 250 0
14 24 270 0
15 26 280 0
16 31 310 0
0 0 10 0
1 1 20 0
2 1 30 0
3 2 50 0
4 4 100 0
5 5 120 0
6 6 130 0
7 7 140 0
8 9 160 0
9 10 170 0
10 16 230 0
11 22 280 0
12 25 300 0
13 35 370 0
14 39 400 0
15 52 480 0
16 72 600 6.25
0 0 10 0
1 0 20 0
2 0 30 0
3 1 40 0
4 1 50 0
5 2 60 0
6 2 70 0
7 3 80 0
8 4 90 0
9 5 100 0
10 7 120 0
11 10 140 0
12 11 150 0
13 18 200 0
14 20 210 0
15 39 330 6.25
16 60 450 18.75
0 0 10 0
1 1 20 0
2 1 40 0
3 2 60 0
4 2 70 0
5 3 80 0
6 4 90 0
7 5 100 0
8 5 110 0
9 6 120 0
10 8 130 0
11 12 170 0
12 14 180 0
13 25 260 0
14 43 380 6.25
15 63 500 18.75
16 83 620 37.5
0 0 10 0
1 1 20 0
2 1 40 0
3 2 50 0
4 3 70 0
5 3 80 0
6 4 90 0
7 7 130 0
8 8 140 0
9 9 150 0
10 12 180 0
11 16 210 0
12 17 220 0
13 23 260 0
14 32 320 0
15 51 440 6.25
16 79 600 6.25
0 0 10 0
1 0 20 0
2 1 30 0
3 1 40 0
4 1 50 0
5 2 60 0
6 3 70 0
7 4 80 0
8 4 90 0
9 7 110 0
10 8 120 0
11 10 140 0
12 11 150 0
13 16 180 0
14 20 210 0
15 22 220 0
16 42 340 6.25
0 1 10 0
1 1 20 0
2 1 30 0
3 1 40 0
4 2 50 0
5 3 70 0
6 5 90 0
7 5 100 0
8 6 110 0
9 7 120 0
10 8 130 0
11 10 140 0
12 11 150 0
13 12 160 0
14 15 180 0
15 22 220 0
16 30 270 0
0 1 10 0
1 1 20 0
2 1 30 0
3 2 40 0
4 2 50 0
5 3 60 0
6 3 70 0
7 4 80 0
8 7 110 0
9 10 140 0
10 11 150 0
11 23 250 0
12 24 260 0
13 26 270 0
14 44 390 6.25
15 63 510 6.25
16 84 630 18.75
0 0 10 0
1 0 20 0
2 1 30 0
3 1 40 0
4 2 50 0
5 4 90 0
6 5 100 0
7 6 110 0
8 7 120 0
9 10 150 0
10 11 160 0
11 16 200 0
12 19 230 0
13 27 280 0
14 28 290 0
15 47 410 6.25
16 68 530 18.75
0 0 10 0
1 1 20 0
2 1 30 0
3 1 40 0
4 2 50 0
5 2 60 0
6 3 70 0
7 4 80 0
8 5 90 0
9 6 100 0
10 12 160 0
11 15 180 0
12 16 190 0
13 29 280 0
14 47 400 6.25
15 67 520 6.25
16 87 640 6.25
0 0 10 0
1 1 30 0
2 1 40 0
3 1 50 0
4 2 60 0
5 2 70 0
6 3 80 0
7 4 90 0
8 6 110 0
9 7 120 0
10 8 130 0
11 9 140 0
12 21 230 0
13 24 250 0
14 27 270 0
15 46 390 6.25
16 79 580 6.25
0 0 10 0
1 0 20 0
2 0 30 0
3 1 50 0
4 3 80 0
5 6 130 0
6 6 140 0
7 7 150 0
8 8 160 0
9 9 170 0
10 10 180 0
11 14 210 0
12 30 330 6.25
13 58 530 6.25
14 76 650 18.75
15 96 770 37.5
16 116 890 62.5
0 0 10 0
1 0 20 0
2 0 30 0
3 1 40 0
4 2 60 0
5 2 70 0
6 3 80 0
7 4 90 0
8 6 110 0
9 8 130 0
10 9 140 0
11 18 220 0
12 22 250 0
13 27 280 0
14 28 290 0
15 48 410 6.25
16 68 530 6.25
0 0 10 0
1 0 20 0
2 1 30 0
3 1 40 0
4 2 50 0
5 2 60 0
6 3 70 0
7 4 80 0
8 5 90 0
9 7 110 0
10 14 180 0
11 29 300 6.25
12 45 420 6.25
13 63 550 6.25
14 83 680 6.25
15 102 800 6.25
16 131 970 6.25
0 0 10 0
1 1 20 0
2 1 30 0
3 1 40 0
4 2 50 0
5 3 60 0
6 4 80 0
7 6 100 0
8 6 110 0
9 8 130 0
10 10 140 0
11 11 150 0
12 12 160 0
13 14 170 0
14 32 290 6.25
15 69 520 6.25
16 89 640 18.75
0 1 10 0
1 1 20 0
2 1 30 0
3 1 40 0
4 1 50 0
5 2 60 0
6 2 70 0
7 3 80 0
8 4 90 0
9 5 100 0
10 6 110 0
11 21 230 6.25
12 38 360 6.25
13 55 480 6.25
14 76 620 6.25
15 97 750 6.25
16 118 870 6.25
0 0 10 0
1 0 20 0
2 0 30 0
3 1 60 0
4 2 70 0
5 3 80 0
6 3 90 0
7 4 100 0
8 5 110 0
9 6 120 0
10 8 140 0
11 12 170 0
12 22 250 0
13 39 370 6.25
14 65 540 6.25
15 84 660 18.75
16 105 780 18.75
0 0 10 0
1 0 20 0
2 1 30 0
3 1 40 0
4 2 60 0
5 3 70 0
6 3 80 0
7 4 90 0
8 5 100 0
9 6 110 0
10 7 120 0
11 13 170 0
12 29 290 0
13 38 350 0
14 48 420 0
15 68 540 6.25
16 88 660 18.75
0 0 10 0
1 0 20 0
2 0 30 0
3 0 40 0
4 1 50 0
5 2 70 0
6 3 80 0
7 5 110 0
8 6 120 0
9 10 160 0
10 13 190 0
11 15 200 0
12 16 210 0
13 17 220 0
14 31 310 0
15 50 430 6.25
16 85 630 6.25
0 0 10 0
1 0 20 0
2 0 30 0
3 1 40 0
4 2 60 0
5 2 70 0
6 4 90 0
7 5 100 0
8 5 110 0
9 6 120 0
10 8 130 0
11 11 160 0
12 12 170 0
13 14 180 0
14 17 200 0
15 36 320 6.25
16 57 440 18.75
0 0 10 0
1 0 20 0
2 1 30 0
3 2 70 0
4 3 80 0
5 4 100 0
6 5 110 0
7 5 120 0
8 11 180 0
9 12 190 0
10 16 230 0
11 18 240 0
12 27 310 0
13 32 350 0
14 51 470 6.25
15 70 590 6.25
16 91 710 18.75
0 0 10 0
1 0 20 0
2 0 30 0
3 1 40 0
4 1 50 0
5 2 70 0
6 3 80 0
7 4 90 0
8 5 100 0
9 9 140 0
10 13 180 0
11 21 240 0
12 36 360 6.25
13 60 530 6.25
14 79 650 6.25
15 100 780 6.25
16 120 900 18.75
0 0 10 0
1 0 20 0
2 0 30 0
3 0 40 0
4 1 50 0
5 2 60 0
6 2 70 0
7 3 80 0
8 4 90 0
9 5 100 0
10 6 110 0
11 9 130 0
12 14 170 0
13 18 200 0
14 36 320 6.25
15 56 440 18.75
16 76 560 18.75
0 0 10 0
1 1 20 0
2 1 30 0
3 1 40 0
4 2 50 0
5 2 60 0
6 3 70 0
7 4 80 0
8 5 90 0
9 6 100 0
10 7 110 0
11 8 120 0
12 9 130 0
13 11 140 0
14 29 260 6.25
15 48 380 18.75
16 79 560 18.75
0 0 10 0
1 0 20 0
2 0 30 0
3 1 40 0
4 1 50 0
5 2 60 0
6 2 70 0
7 3 80 0
8 11 170 0
9 14 200 0
10 26 300 0
11 27 310 0
12 28 320 0
13 45 440 6.25
14 63 560 6.25
15 83 680 6.25
16 103 800 18.75
0 0 10 0
1 1 40 0
2 1 50 0
3 2 60 0
4 2 70 0
5 3 80 0
6 3 90 0
7 5 110 0
8 8 140 0
9 16 220 0
10 28 330 0
11 31 350 0
12 32 360 0
13 49 480 6.25
14 70 620 6.25
15 89 740 18.75
16 110 860 37.5
0 0 10 0
1 0 20 0
2 1 30 0
3 1 40 0
4 2 50 0
5 2 60 0
6 3 70 0
7 5 90 0
8 5 100 0
9 6 110 0
10 9 130 0
11 11 150 0
12 12 160 0
13 14 170 0
14 18 200 0
15 38 320 6.25
16 58 440 6.25
0 1 10 0
1 1 20 0
2 1 30 0
3 1 40 0
4 2 50 0
5 3 60 0
6 3 70 0
7 4 80 0
8 5 90 0
9 7 110 0
10 8 120 0
11 9 130 0
12 11 140 0
13 12 150 0
14 21 210 0
15 41 330 6.25
16 78 550 6.25
0 0 10 0
1 1 20 0
2 1 30 0
3 1 40 0
4 2 50 0
5 3 60 0
6 4 80 0
7 6 100 0
8 6 110 0
9 8 130 0
10 11 150 0
11 16 190 0
12 26 270 0
13 27 280 0
14 34 320 0
15 40 360 0
16 61 480 6.25
0 0 10 0
1 0 20 0
2 0 30 0
3 1 50 0
4 2 60 0
5 2 70 0
6 5 110 0
7 6 120 0
8 10 170 0
9 14 200 0
10 17 230 0
11 19 250 0
12 21 260 0
13 23 280 0
14 25 290 0
15 27 300 0
16 39 370 0
0 0 10 0
1 0 40 0
2 1 50 0
3 1 60 0
4 2 70 0
5 2 80 0
6 3 90 0
7 4 100 0
8 5 120 0
9 6 130 0
10 8 140 0
11 15 200 0
12 16 210 0
13 20 240 0
14 22 250 0
15 25 270 0
16 34 320 0
0 0 10 0
1 0 20 0
2 1 40 0
3 1 50 0
4 2 60 0
5 6 130 0
6 8 160 0
7 9 170 0
8 10 180 0
9 11 190 0
10 12 200 0
11 14 220 0
12 15 230 0
13 17 240 0
14 23 280 0
15 42 400 6.25
16 63 520 6.25
0 0 10 0
1 0 20 0
2 1 30 0
3 1 50 0
4 3 90 0
5 4 100 0
6 5 120 0
7 8 150 0
8 10 170 0
9 11 180 0
10 12 190 0
11 19 250 0
12 22 270 0
13 32 340 0
14 33 350 0
15 49 450 0
16 70 570 6.25
0 0 10 0
1 0 20 0
2 1 40 0
3 2 70 0
4 3 80 0
5 3 90 0
6 4 100 0
7 5 110 0
8 6 120 0
9 7 130 0
10 12 180 0
11 15 200 0
12 16 210 0
13 19 230 0
14 20 240 0
15 40 360 6.25
16 60 480 18.75
0 0 10 0
1 1 20 0
2 1 30 0
3 1 40 0
4 2 50 0
5 2 60 0
6 3 70 0
7 4 80 0
8 5 90 0
9 6 100 0
10 8 120 0
11 9 130 0
12 16 180 0
13 26 250 0
14 29 270 0
15 48 390 6.25
16 77 560 6.25
0 0 10 0
1 1 20 0
2 2 50 0
3 2 60 0
4 3 90 0
5 4 100 0
6 5 120 0
7 6 130 0
8 7 140 0
9 8 150 0
10 9 160 0
11 11 170 0
12 13 190 0
13 24 270 0
14 37 350 0
15 49 430 0
16 55 460 0
0 0 10 0
1 0 20 0
2 1 30 0
3 1 40 0
4 2 50 0
5 2 60 0
6 4 90 0
7 5 100 0
8 11 160 0
9 15 200 0
10 16 210 0
11 21 250 0
12 23 270 0
13 25 280 0
14 43 400 6.25
15 62 520 6.25
16 83 640 18.75
0 0 10 0
1 0 20 0
2 1 30 0
3 2 60 0
4 2 70 0
5 4 90 0
6 5 110 0
7 6 120 0
8 7 130 0
9 9 150 0
10 10 160 0
11 11 170 0
12 15 200 0
13 16 210 0
14 34 330 6.25
15 56 470 6.25
16 77 590 18.75
0 0 10 0
1 0 20 0
2 1 30 0
3 1 40 0
4 2 50 0
5 2 60 0
6 3 70 0
7 5 100 0
8 6 110 0
9 7 120 0
10 8 130 0
11 10 140 0
12 14 170 0
13 30 290 6.25
14 53 440 6.25
15 73 560 18.75
16 93 680 37.5
0 0 10 0
1 1 20 0
2 1 40 0
3 2 50 0
4 2 60 0
5 3 70 0
6 5 100 0
7 6 110 0
8 6 120 0
9 7 130 0
10 15 200 0
11 16 210 0
12 18 220 0
13 31 310 0
14 49 430 6.25
15 68 550 18.75
16 92 690 18.75
0 0 10 0
1 0 20 0
2 1 30 0
3 1 40 0
4 2 50 0
5 2 60 0
6 3 70 0
7 9 150 0
8 10 160 0
9 13 190 0
10 16 210 0
11 20 250 0
12 22 260 0
13 23 270 0
14 37 360 0
15 48 430 0
16 69 550 6.25
0 0 10 0
1 0 20 0
2 0 30 0
3 1 40 0
4 1 50 0
5 2 60 0
6 3 70 0
7 4 90 0
8 5 100 0
9 6 110 0
10 7 120 0
11 13 170 0
12 15 180 0
13 23 240 0
14 41 360 6.25
15 61 480 18.75
16 114 790 12.5
0 0 10 0
1 0 20 0
2 0 30 0
3 1 40 0
4 1 50 0
5 2 60 0
6 3 70 0
7 4 80 0
8 5 100 0
9 6 110 0
10 7 120 0
11 9 130 0
12 13 160 0
13 28 270 0
14 31 290 0
15 33 300 0
16 53 420 6.25
0 0 10 0
1 1 20 0
2 2 50 0
3 2 60 0
4 2 70 0
5 6 130 0
6 7 140 0
7 8 150 0
8 9 160 0
9 10 170 0
10 14 210 0
11 15 220 0
12 22 270 0
13 25 290 0
14 35 360 0
15 55 480 6.25
16 75 600 6.25
0 0 10 0
1 1 20 0
2 1 30 0
3 1 40 0
4 2 50 0
5 2 60 0
6 6 110 0
7 8 140 0
8 11 170 0
9 15 210 0
10 22 270 0
11 23 280 0
12 32 350 0
13 49 470 6.25
14 67 590 6.25
15 87 710 6.25
16 107 830 18.75
0 0 10 0
1 1 20 0
2 1 30 0
3 1 40 0
4 2 50 0
5 2 60 0
6 3 70 0
7 4 80 0
8 7 110 0
9 8 120 0
10 9 130 0
11 10 140 0
12 18 200 0
13 25 250 0
14 36 320 0
15 55 440 6.25
16 76 560 18.75
0 0 10 0
1 0 20 0
2 1 50 0
3 1 60 0
4 2 70 0
5 2 80 0
6 3 90 0
7 4 100 0
8 5 110 0
9 12 180 0
10 13 190 0
11 14 200 0
12 18 230 0
13 21 250 0
14 22 260 0
15 42 380 6.25
16 78 590 6.25
0 0 10 0
1 0 20 0
2 0 30 0
3 1 40 0
4 1 50 0
5 2 60 0
6 3 70 0
7 3 80 0
8 4 90 0
9 5 100 0
10 7 110 0
11 9 130 0
12 10 140 0
13 27 260 6.25
14 47 390 6.25
15 73 550 6.25
16 93 670 6.25
0 0 10 0
1 1 20 0
2 1 30 0
3 1 40 0
4 2 50 0
5 3 60 0
6 3 70 0
7 4 80 0
8 8 120 0
9 9 130 0
10 16 200 0
11 19 220 0
12 25 270 0
13 28 290 0
14 33 320 0
15 52 440 6.25
16 76 580 6.25
0 0 10 0
1 1 20 0
2 1 30 0
3 1 40 0
4 2 50 0
5 2 60 0
6 3 70 0
7 4 80 0
8 5 90 0
9 6 100 0
10 8 120 0
11 13 160 0
12 16 180 0
13 17 190 0
14 35 310 6.25
15 55 430 18.75
16 75 550 18.75
0 0 10 0
1 0 20 0
2 1 30 0
3 1 40 0
4 2 60 0
5 3 70 0
6 6 110 0
7 8 140 0
8 9 150 0
9 10 160 0
10 11 170 0
11 16 210 0
12 17 220 0
13 20 240 0
14 22 250 0
15 41 370 6.25
16 62 490 18.75
0 0 10 0
1 0 20 0
2 0 40 0
3 1 50 0
4 2 70 0
5 3 80 0
6 3 90 0
7 4 100 0
8 9 150 0
9 12 180 0
10 15 210 0
11 16 220 0
12 21 260 0
13 24 280 0
14 29 310 0
15 48 430 6.25
16 69 550 6.25
0 0 10 0
1 0 20 0
2 0 30 0
3 1 40 0
4 1 50 0
5 2 60 0
6 3 70 0
7 3 80 0
8 4 90 0
9 5 100 0
10 11 150 0
11 12 160 0
12 13 170 0
13 15 180 0
14 16 190 0
15 36 310 6.25
16 56 430 18.75
0 0 10 0
1 1 20 0
2 1 30 0
3 3 70 0
4 3 80 0
5 6 130 0
6 7 140 0
7 8 150 0
8 8 160 0
9 10 170 0
10 11 180 0
11 12 190 0
12 16 220 0
13 20 250 0
14 22 260 0
15 30 310 0
16 43 390 0
0 0 10 0
1 0 30 0
2 2 90 0
3 3 100 0
4 4 130 0
5 5 140 0
6 7 170 0
7 8 190 0
8 9 200 0
9 10 210 0
10 13 230 0
11 14 240 0
12 20 290 0
13 23 310 0
14 25 320 0
15 33 370 0
16 34 380 0
0 0 10 0
1 0 30 0
2 0 40 0
3 1 50 0
4 2 80 0
5 5 120 0
6 5 130 0
7 7 150 0
8 9 170 0
9 11 190 0
10 13 210 0
11 14 220 0
12 18 250 0
13 24 290 0
14 42 410 6.25
15 68 570 6.25
16 89 690 18.75
0 0 10 0
1 0 20 0
2 0 30 0
3 1 40 0
4 1 50 0
5 2 60 0
6 2 70 0
7 3 80 0
8 4 90 0
9 10 150 0
10 11 160 0
11 17 210 0
12 21 240 0
13 38 360 6.25
14 61 510 6.25
15 80 630 6.25
16 101 750 18.75
0 0 10 0
1 0 20 0
2 1 30 0
3 1 40 0
4 1 50 0
5 2 60 0
6 3 70 0
7 4 80 0
8 5 90 0
9 6 100 0
10 7 110 0
11 8 120 0
12 9 130 0
13 12 150 0
14 30 270 6.25
15 50 390 18.75
16 80 570 18.75
0 1 10 0
1 1 20 0
2 1 30 0
3 1 40 0
4 2 50 0
5 3 60 0
6 3 70 0
7 4 80 0
8 5 90 0
9 6 100 0
10 7 110 0
11 11 140 0
12 13 160 0
13 23 230 0
14 32 290 0
15 52 410 6.25
16 72 530 18.75
0 0 10 0
1 1 20 0
2 1 30 0
3 1 40 0
4 2 50 0
5 2 60 0
6 3 70 0
7 6 100 0
8 7 120 0
9 10 150 0
10 11 160 0
11 13 170 0
12 14 180 0
13 24 250 0
14 41 360 0
15 42 370 0
16 63 490 6.25
0 0 10 0
1 0 30 0
2 1 40 0
3 1 50 0
4 1 60 0
5 2 70 0
6 3 90 0
7 4 100 0
8 6 120 0
9 9 150 0
10 11 170 0
11 13 180 0
12 14 190 0
13 15 200 0
14 20 230 0
15 25 260 0
16 26 270 0
0 0 10 0
1 1 20 0
2 1 30 0
3 1 40 0
4 2 50 0
5 4 90 0
6 5 100 0
7 6 110 0
8 7 120 0
9 8 130 0
10 9 140 0
11 10 150 0
12 11 160 0
13 16 190 0
14 17 200 0
15 36 320 6.25
16 57 440 6.25
0 0 10 0
1 0 20 0
2 1 30 0
3 1 40 0
4 1 50 0
5 2 60 0
6 3 70 0
7 4 80 0
8 5 90 0
9 10 140 0
10 11 150 0
11 12 160 0
12 13 170 0
13 20 220 0
14 38 340 6.25
15 72 550 6.25
16 93 670 18.75
0 0 10 0
1 0 20 0
2 1 30 0
3 1 40 0
4 1 50 0
5 2 60 0
6 3 70 0
7 4 80 0
8 4 90 0
9 5 100 0
10 10 150 0
11 11 160 0
12 18 210 0
13 19 220 0
14 37 340 6.25
15 57 460 6.25
16 77 580 6.25
0 0 10 0
1 1 20 0
2 1 30 0
3 1 40 0
4 3 70 0
5 3 80 0
6 4 90 0
7 7 120 0
8 8 130 0
9 9 140 0
10 10 150 0
11 11 160 0
12 16 200 0
13 18 210 0
14 27 270 0
15 33 310 0
16 54 430 6.25
0 0 10 0
1 0 20 0
2 0 30 0
3 1 40 0
4 1 50 0
5 2 60 0
6 3 80 0
7 4 90 0
8 5 100 0
9 6 110 0
10 7 120 0
11 18 210 0
12 22 240 0
13 27 280 0
14 42 380 0
15 43 390 0
16 45 400 0
0 0 10 0
1 0 20 0
2 1 30 0
3 1 40 0
4 1 50 0
5 2 60 0
6 3 70 0
7 7 120 0
8 8 130 0
9 9 140 0
10 11 160 0
11 19 230 0
12 25 270 0
13 26 280 0
14 44 400 0
15 52 450 0
16 73 570 6.25
0 1 10 0
1 1 20 0
2 2 70 0
3 3 80 0
4 3 90 0
5 4 100 0
6 4 110 0
7 7 140 0
8 8 150 0
9 10 170 0
10 11 180 0
11 16 220 0
12 17 230 0
13 19 240 0
14 31 320 0
15 32 330 0
16 53 450 6.25
0 0 10 0
1 0 20 0
2 1 40 0
3 2 60 0
4 2 70 0
5 3 80 0
6 4 100 0
7 5 110 0
8 9 150 0
9 10 160 0
10 11 170 0
11 12 180 0
12 18 230 0
13 34 340 0
14 45 410 0
15 64 530 6.25
16 85 650 18.75
0 0 10 0
1 0 20 0
2 0 30 0
3 1 40 0
4 1 50 0
5 2 70 0
6 4 100 0
7 5 110 0
8 6 120 0
9 7 130 0
10 8 140 0
11 9 150 0
12 11 160 0
13 12 170 0
14 24 250 0
15 32 300 0
16 53 420 6.25
0 0 10 0
1 0 20 0
2 1 30 0
3 1 40 0
4 1 50 0
5 2 60 0
6 3 70 0
7 9 150 0
8 13 190 0
9 14 200 0
10 18 240 0
11 24 290 0
12 26 300 0
13 27 310 0
14 45 430 6.25
15 65 550 6.25
16 85 670 6.25
0 0 10 0
1 1 20 0
2 1 30 0
3 1 40 0
4 2 50 0
5 3 70 0
6 5 100 0
7 6 110 0
8 7 120 0
9 8 130 0
10 13 180 0
11 15 190 0
12 16 200 0
13 19 220 0
14 22 240 0
15 38 340 0
16 59 460 6.25
0 1 10 0
1 1 20 0
2 1 30 0
3 2 60 0
4 3 70 0
5 3 80 0
6 5 100 0
7 6 110 0
8 6 120 0
9 7 130 0
10 9 140 0
11 12 170 0
12 14 180 0
13 23 250 0
14 33 310 0
15 52 430 6.25
16 73 550 18.75
0 1 10 0
1 1 40 0
2 1 50 0
3 2 60 0
4 2 70 0
5 3 80 0
6 4 100 0
7 6 120 0
8 7 130 0
9 8 140 0
10 15 200 0
11 21 250 0
12 22 260 0
13 23 270 0
14 42 390 6.25
15 64 530 6.25
16 95 710 6.25
0 0 10 0
1 0 20 0
2 1 30 0
3 1 40 0
4 2 50 0
5 2 60 0
6 4 80 0
7 4 90 0
8 8 130 0
9 17 220 0
10 18 230 0
11 23 270 0
12 32 340 0
13 46 440 0
14 65 560 6.25
15 84 680 6.25
16 118 880 6.25
0 0 10 0
1 0 20 0
2 1 30 0
3 1 40 0
4 2 50 0
5 2 60 0
6 4 90 0
7 6 110 0
8 7 120 0
9 9 140 0
10 18 220 0
11 25 280 0
12 41 400 6.25
13 58 520 6.25
14 76 640 6.25
15 100 790 6.25
16 124 930 6.25
0 0 10 0
1 1 20 0
2 1 30 0
3 1 40 0
4 2 50 0
5 2 60 0
6 4 80 0
7 5 90 0
8 5 100 0
9 6 110 0
10 7 120 0
11 18 210 0
12 23 250 0
13 40 370 6.25
14 58 490 6.25
15 82 640 6.25
16 118 850 6.25
0 0 10 0
1 1 20 0
2 1 30 0
3 1 40 0
4 2 50 0
5 2 60 0
6 3 70 0
7 4 80 0
8 5 90 0
9 8 120 0
10 9 130 0
11 10 140 0
12 11 150 0
13 17 190 0
14 22 220 0
15 41 340 6.25
16 62 460 18.75
0 0 10 0
1 0 20 0
2 1 40 0
3 1 60 0
4 2 70 0
5 2 80 0
6 3 90 0
7 4 100 0
8 6 120 0
9 7 130 0
10 10 160 0
11 11 170 0
12 13 180 0
13 23 250 0
14 41 370 6.25
15 62 500 6.25
16 82 620 6.25
0 0 10 0
1 1 20 0
2 1 30 0
3 2 50 0
4 3 80 0
5 4 100 0
6 5 110 0
7 7 130 0
8 8 140 0
9 9 150 0
10 10 160 0
11 12 180 0
12 24 270 0
13 32 330 0
14 34 340 0
15 53 460 6.25
16 81 620 6.25
0 0 10 0
1 0 20 0
2 0 30 0
3 1 40 0
4 1 50 0
5 2 60 0
6 3 70 0
7 3 80 0
8 4 90 0
9 5 100 0
10 6 110 0
11 8 120 0
12 9 130 0
13 13 160 0
14 16 180 0
15 36 300 6.25
16 56 420 6.25
0 0 10 0
1 0 30 0
2 0 40 0
3 1 50 0
4 1 60 0
5 2 70 0
6 3 80 0
7 3 90 0
8 4 100 0
9 17 220 6.25
10 30 340 6.25
11 46 470 6.25
12 71 660 6.25
13 89 790 6.25
14 107 910 18.75
15 127 1030 18.75
16 152 1180 18.75
0 0 10 0
1 1 30 0
2 1 40 0
3 1 50 0
4 2 70 0
5 3 80 0
6 4 90 0
7 5 100 0
8 5 110 0
9 11 170 0
10 16 210 0
11 18 230 0
12 24 270 0
13 38 370 0
14 39 380 0
15 59 500 6.25
16 83 640 6.25
0 0 10 0
1 0 20 0
2 0 30 0
3 1 50 0
4 2 60 0
5 2 70 0
6 4 90 0
7 4 100 0
8 5 110 0
9 6 120 0
10 7 130 0
11 9 140 0
12 15 190 0
13 26 270 0
14 37 340 0
15 40 360 0
16 61 480 6.25
0 0 10 0
1 0 20 0
2 0 30 0
3 1 40 0
4 1 50 0
5 2 60 0
6 3 70 0
7 4 90 0
8 5 100 0
9 6 110 0
10 11 150 0
11 14 180 0
12 17 200 0
13 18 210 0
14 20 220 0
15 38 330 0
16 58 450 6.25
0 0 10 0
1 0 20 0
2 1 30 0
3 1 40 0
4 2 60 0
5 3 80 0
6 4 90 0
7 5 100 0
8 6 110 0
9 7 120 0
10 9 140 0
11 10 150 0
12 23 250 0
13 25 260 0
14 43 380 6.25
15 62 500 18.75
16 83 620 18.75
0 0 10 0
1 0 20 0
2 0 30 0
3 1 40 0
4 1 50 0
5 2 60 0
6 3 80 0
7 4 90 0
8 11 170 0
9 22 280 0
10 23 290 0
11 24 300 0
12 27 320 0
13 28 330 0
14 43 430 0
15 50 470 0
16 60 530 0
0 0 10 0
1 0 20 0
2 0 30 0
3 1 50 0
4 2 60 0
5 2 70 0
6 3 80 0
7 4 90 0
8 5 100 0
9 6 110 0
10 7 120 0
11 8 130 0
12 19 210 0
13 20 220 0
14 38 340 6.25
15 72 550 6.25
16 108 760 6.25
0 0 10 0
1 0 20 0
2 1 40 0
3 1 50 0
4 2 60 0
5 3 70 0
6 3 80 0
7 4 90 0
8 5 100 0
9 6 110 0
10 8 130 0
11 9 140 0
12 21 230 0
13 23 240 0
14 32 300 0
15 45 380 0
16 65 500 6.25
