0 0 10 0
1 1 20 0
2 1 30 0
3 1 40 0
4 2 50 0
5 3 60 0
6 5 89 0
7 6 99 0
8 6 109 0
9 8 119 0
10 10 139 0
11 13 167 0
12 22 233 0
13 33 307 6.25
14 44 376 6.25
15 56 446 18.75
0 0 10 0
1 1 20 0
2 1 30 0
3 1 40 0
4 2 58 0
5 3 68 0
6 4 78 0
7 5 88 0
8 6 109 0
9 13 169 0
10 14 179 0
11 15 189 0
12 16 199 0
13 21 227 0
14 38 340 6.25
15 46 387 18.75
16 62 473 18.75
0 0 10 0
1 1 20 0
2 1 37 0
3 2 60 0
4 3 70 0
5 3 80 0
6 4 90 0
7 5 100 0
8 6 110 0
9 9 139 0
10 10 149 0
11 14 184 0
12 17 204 0
13 21 234 0
0 0 10 0
1 0 20 0
2 1 30 0
3 1 40 0
4 2 50 0
5 2 60 0
6 3 70 0
7 4 80 0
8 5 90 0
9 7 106 0
10 8 116 0
11 17 191 6.25
12 28 270 18.75
13 35 320 18.75
14 45 381 37.5
15 57 453 37.5
16 72 534 62.5
0 0 10 0
1 1 20 0
2 1 39 0
3 2 49 0
4 2 67 0
5 4 85 0
6 4 95 0
7 5 105 0
8 7 125 0
9 8 135 0
10 15 194 0
11 16 204 0
12 17 214 0
13 19 224 0
14 31 303 6.25
15 42 368 18.75
16 58 456 18.75
0 1 10 0
1 1 20 0
2 1 30 0
3 2 48 0
4 2 58 0
5 3 68 0
6 4 78 0
7 5 88 0
8 6 98 0
9 7 108 0
10 8 118 0
11 12 149 0
12 21 220 6.25
13 40 352 6.25
14 57 456 6.25
15 80 597 6.25
16 93 667 18.75
0 0 10 0
1 1 20 0
2 1 30 0
3 2 52 0
4 8 168 6.25
5 17 308 6.25
6 25 428 6.25
7 35 545 6.25
8 41 609 6.25
9 53 725 6.25
10 66 839 6.25
11 81 958 6.25
12 99 1094 6.25
13 116 1210 6.25
14 132 1312 18.75
15 155 1451 18.75
16 180 1589 18.75
0 0 10 0
1 0 20 0
2 1 30 0
3 1 40 0
4 2 50 0
5 2 60 0
6 3 76 0
7 4 86 0
8 5 96 0
9 8 125 0
10 9 135 0
11 11 145 0
12 12 155 0
13 19 204 0
14 31 277 6.25
15 42 346 6.25
16 53 404 6.25
0 0 10 0
1 1 20 0
2 1 30 0
3 1 40 0
4 3 63 0
5 3 73 0
6 5 92 0
7 7 121 0
8 8 131 0
9 11 165 0
10 13 181 0
11 15 191 0
12 16 201 0
13 23 247 0
14 34 322 6.25
15 45 386 18.75
16 60 469 12.5
0 0 10 0
1 1 20 0
2 1 30 0
3 2 40 0
4 2 50 0
5 3 66 0
6 11 180 6.25
7 21 295 6.25
8 32 415 6.25
9 44 533 6.25
10 56 636 18.75
11 72 770 18.75
12 86 870 18.75
13 118 1089 12.5
14 133 1187 12.5
15 145 1259 12.5
16 162 1351 12.5
0 1 10 0
1 1 20 0
2 1 30 0
3 2 40 0
4 2 50 0
5 3 60 0
6 4 79 0
7 6 96 0
8 7 106 0
9 9 129 0
10 10 139 0
11 11 149 0
12 13 159 0
13 14 169 0
14 17 188 0
15 28 251 0
16 36 296 6.25
