0 0 10 0
1 0 20 0
2 0 30 0
3 1 40 0
4 1 50 0
5 2 60 0
6 10 180 6.25
7 21 310 6.25
8 32 430 6.25
9 44 550 18.75
10 60 690 12.5
11 78 840 12.5
12 98 990 12.5
13 115 1110 25
14 135 1240 25
15 166 1430 25
16 187 1550 43.75
0 0 10 0
1 0 20 0
2 0 30 0
3 1 40 0
4 1 50 0
5 2 60 0
6 3 80 0
7 4 90 0
8 5 100 0
9 7 120 0
10 8 130 0
11 9 140 0
12 12 160 0
13 14 170 0
14 17 190 0
15 36 310 6.25
16 57 430 18.75
0 0 10 0
1 1 30 0
2 1 40 0
3 1 50 0
4 2 60 0
5 3 70 0
6 3 80 0
7 4 90 0
8 5 100 0
9 6 110 0
10 8 130 0
11 11 150 0
12 21 230 0
13 31 300 0
14 50 420 6.25
15 82 620 6.25
16 103 740 18.75
0 0 10 0
1 0 20 0
2 0 30 0
3 1 40 0
4 2 60 0
5 3 80 0
6 4 90 0
7 4 100 0
8 5 110 0
9 8 140 0
10 10 150 0
11 11 160 0
12 12 170 0
13 22 240 0
14 40 360 6.25
15 66 520 6.25
16 87 640 18.75
0 0 10 0
1 0 20 0
2 1 30 0
3 1 40 0
4 2 60 0
5 3 70 0
6 4 80 0
7 4 90 0
8 6 120 0
9 7 130 0
10 8 140 0
11 13 180 0
12 16 200 0
13 22 240 0
14 23 250 0
15 43 370 6.25
16 64 490 18.75
0 0 10 0
1 1 20 0
2 1 30 0
3 1 40 0
4 2 50 0
5 3 60 0
6 3 70 0
7 4 80 0
8 5 90 0
9 6 100 0
10 8 120 0
11 10 130 0
12 11 140 0
13 15 170 0
14 25 230 0
15 33 280 0
16 54 400 6.25
0 0 10 0
1 0 20 0
2 0 30 0
3 0 40 0
4 0 50 0
5 1 60 0
6 2 70 0
7 4 100 0
8 5 110 0
9 6 120 0
10 14 190 0
11 15 200 0
12 18 220 0
13 21 240 0
14 40 360 6.25
15 60 480 18.75
16 81 600 37.5
0 0 10 0
1 0 20 0
2 0 30 0
3 1 40 0
4 2 70 0
5 3 80 0
6 4 100 0
7 5 110 0
8 7 130 0
9 8 140 0
10 15 200 0
11 16 210 0
12 17 220 0
13 22 250 0
14 40 370 6.25
15 60 490 18.75
16 90 660 18.75
0 0 10 0
1 0 20 0
2 1 30 0
3 2 50 0
4 2 60 0
5 3 70 0
6 4 80 0
7 4 90 0
8 5 100 0
9 6 110 0
10 7 120 0
11 22 240 6.25
12 42 390 6.25
13 66 560 6.25
14 85 680 18.75
15 119 890 18.75
16 141 1010 18.75
0 0 10 0
1 0 20 0
2 1 50 0
3 2 60 0
4 2 70 0
5 3 80 0
6 4 90 0
7 4 100 0
8 6 120 0
9 7 130 0
10 8 140 0
11 12 170 0
12 13 180 0
13 19 220 0
14 21 230 0
15 40 350 6.25
16 77 560 6.25
0 0 10 0
1 0 20 0
2 1 30 0
3 1 40 0
4 2 50 0
5 2 60 0
6 3 70 0
7 4 80 0
8 5 90 0
9 6 100 0
10 7 110 0
11 8 120 0
12 11 140 0
13 13 150 0
14 14 160 0
15 22 210 0
16 27 240 0
0 0 10 0
1 0 20 0
2 0 30 0
3 1 40 0
4 1 50 0
5 2 70 0
6 3 80 0
7 4 90 0
8 5 100 0
9 6 110 0
10 7 120 0
11 10 140 0
12 16 190 0
13 18 200 0
14 19 210 0
15 21 220 0
16 42 340 6.25
0 0 10 0
1 0 20 0
2 1 30 0
3 1 40 0
4 2 50 0
5 2 60 0
6 3 70 0
7 7 120 0
8 9 140 0
9 12 170 0
10 16 210 0
11 18 220 0
12 19 230 0
13 20 240 0
14 21 250 0
15 41 370 6.25
16 61 490 6.25
0 0 10 0
1 0 20 0
2 0 30 0
3 1 40 0
4 2 60 0
5 2 70 0
6 3 80 0
7 4 90 0
8 5 100 0
9 6 110 0
10 7 120 0
11 8 130 0
12 10 140 0
13 11 150 0
14 16 180 0
15 35 300 6.25
16 56 420 18.75
0 0 10 0
1 0 20 0
2 1 60 0
3 2 70 0
4 3 90 0
5 4 100 0
6 6 140 0
7 7 150 0
8 8 160 0
9 9 170 0
10 10 180 0
11 12 190 0
12 13 200 0
13 16 220 0
14 24 270 0
15 25 280 0
16 46 400 6.25
0 0 10 0
1 0 20 0
2 0 30 0
3 1 40 0
4 1 50 0
5 2 60 0
6 3 70 0
7 4 80 0
8 4 90 0
9 5 100 0
10 6 110 0
11 8 130 0
12 9 140 0
13 11 150 0
14 22 220 0
15 23 230 0
16 27 250 0
0 0 10 0
1 0 20 0
2 0 30 0
3 1 40 0
4 1 50 0
5 2 60 0
6 4 90 0
7 5 100 0
8 6 110 0
9 8 130 0
10 18 220 0
11 26 280 0
12 28 300 0
13 32 330 0
14 44 410 0
15 45 420 0
16 66 540 6.25
0 0 10 0
1 1 50 0
2 1 60 0
3 2 70 0
4 2 80 0
5 3 90 0
6 4 100 0
7 5 120 0
8 6 130 0
9 7 140 0
10 8 150 0
11 9 160 0
12 10 170 0
13 11 180 0
14 17 220 0
15 37 340 6.25
16 63 490 6.25
0 0 10 0
1 1 20 0
2 2 50 0
3 4 110 0
4 6 140 0
5 6 150 0
6 8 170 0
7 8 180 0
8 10 200 0
9 11 210 0
10 25 330 6.25
11 43 480 6.25
12 69 670 6.25
13 86 790 6.25
14 104 910 6.25
15 127 1050 6.25
16 152 1190 6.25
0 0 10 0
1 0 20 0
2 0 30 0
3 1 40 0
4 1 50 0
5 2 70 0
6 3 80 0
7 9 150 0
8 10 160 0
9 11 170 0
10 17 230 0
11 19 240 0
12 20 250 0
13 23 270 0
14 27 300 0
15 29 310 0
16 50 430 6.25
0 0 10 0
1 0 40 0
2 1 60 0
3 1 70 0
4 2 80 0
5 2 90 0
6 3 100 0
7 4 110 0
8 5 120 0
9 6 130 0
10 7 140 0
11 8 150 0
12 12 180 0
13 29 300 6.25
14 49 430 6.25
15 69 550 18.75
16 89 670 37.5
0 0 10 0
1 1 20 0
2 1 30 0
3 1 40 0
4 2 60 0
5 3 70 0
6 4 80 0
7 5 90 0
8 5 100 0
9 10 140 0
10 13 170 0
11 19 220 0
12 24 260 0
13 41 380 6.25
14 61 510 6.25
15 82 640 6.25
16 103 760 18.75
0 0 10 0
1 0 20 0
2 1 30 0
3 1 40 0
4 1 50 0
5 2 60 0
6 3 70 0
7 4 80 0
8 5 90 0
9 8 120 0
10 9 130 0
11 10 140 0
12 13 160 0
13 14 170 0
14 16 180 0
15 22 220 0
16 43 340 6.25
0 0 10 0
1 0 20 0
2 0 30 0
3 1 40 0
4 1 50 0
5 2 60 0
6 3 70 0
7 6 110 0
8 7 120 0
9 8 130 0
10 9 140 0
11 11 160 0
12 21 230 0
13 25 260 0
14 26 270 0
15 46 390 6.25
16 66 510 18.75
0 0 10 0
1 0 20 0
2 1 30 0
3 1 40 0
4 2 50 0
5 2 60 0
6 3 70 0
7 4 80 0
8 5 90 0
9 8 120 0
10 16 190 0
11 18 210 0
12 22 240 0
13 28 280 0
14 46 400 6.25
15 65 520 18.75
16 89 660 18.75
0 0 10 0
1 0 20 0
2 1 30 0
3 1 40 0
4 2 50 0
5 2 60 0
6 3 70 0
7 5 90 0
8 6 100 0
9 7 110 0
10 8 120 0
11 9 130 0
12 14 170 0
13 17 190 0
14 26 250 0
15 46 370 6.25
16 66 490 18.75
0 0 10 0
1 0 20 0
2 1 30 0
3 1 40 0
4 2 50 0
5 2 60 0
6 5 100 0
7 6 110 0
8 7 120 0
9 9 140 0
10 10 150 0
11 11 160 0
12 15 190 0
13 18 210 0
14 21 230 0
15 40 350 6.25
16 61 470 18.75
0 0 10 0
1 0 20 0
2 1 40 0
3 1 50 0
4 2 60 0
5 2 70 0
6 3 80 0
7 10 170 0
8 12 190 0
9 15 220 0
10 22 280 0
11 23 290 0
12 26 310 0
13 43 430 6.25
14 61 550 18.75
15 81 670 37.5
16 112 850 37.5
0 0 10 0
1 0 20 0
2 1 50 0
3 1 60 0
4 2 80 0
5 3 90 0
6 4 100 0
7 5 120 0
8 7 140 0
9 9 160 0
10 10 170 0
11 12 180 0
12 13 190 0
13 20 240 0
14 28 290 0
15 47 410 6.25
16 68 530 18.75
0 1 10 0
1 1 20 0
2 1 30 0
3 2 40 0
4 2 50 0
5 3 60 0
6 3 70 0
7 3 80 0
8 5 100 0
9 6 110 0
10 7 120 0
11 10 140 0
12 19 210 0
13 21 220 0
14 39 340 6.25
15 59 460 18.75
16 80 580 37.5
0 0 10 0
1 0 20 0
2 0 30 0
3 1 40 0
4 2 60 0
5 3 70 0
6 3 80 0
7 6 110 0
8 7 120 0
9 11 160 0
10 14 190 0
11 15 200 0
12 31 320 6.25
13 49 440 6.25
14 70 580 6.25
15 90 700 18.75
16 111 820 37.5
0 0 10 0
1 0 20 0
2 0 30 0
3 1 40 0
4 1 50 0
5 2 60 0
6 4 90 0
7 5 100 0
8 6 110 0
9 7 120 0
10 8 130 0
11 11 160 0
12 18 210 0
13 32 310 0
14 38 350 0
15 58 470 6.25
16 79 590 18.75
0 0 10 0
1 1 20 0
2 1 30 0
3 1 40 0
4 2 50 0
5 2 60 0
6 3 70 0
7 4 80 0
8 5 90 0
9 6 100 0
10 7 110 0
11 8 120 0
12 10 130 0
13 18 190 0
14 23 220 0
15 42 340 6.25
16 63 460 18.75
0 0 10 0
1 1 20 0
2 1 30 0
3 1 40 0
4 2 50 0
5 2 60 0
6 3 70 0
7 4 80 0
8 6 100 0
9 7 110 0
10 20 230 6.25
11 35 350 6.25
12 52 480 6.25
13 75 640 6.25
14 103 820 6.25
15 123 940 18.75
16 143 1060 18.75
0 0 10 0
1 0 20 0
2 0 30 0
3 3 100 0
4 4 110 0
5 4 120 0
6 5 130 0
7 6 140 0
8 11 200 0
9 12 210 0
10 13 220 0
11 15 230 0
12 17 250 0
13 19 260 0
14 20 270 0
15 40 390 6.25
16 61 510 18.75
0 0 10 0
1 0 20 0
2 0 30 0
3 1 40 0
4 2 60 0
5 2 70 0
6 3 80 0
7 4 90 0
8 5 100 0
9 6 110 0
10 9 140 0
11 10 150 0
12 12 160 0
13 15 180 0
14 22 230 0
15 42 350 6.25
16 64 480 6.25
0 0 10 0
1 0 20 0
2 1 30 0
3 1 40 0
4 1 50 0
5 2 60 0
6 3 70 0
7 4 80 0
8 4 90 0
9 5 100 0
10 7 110 0
11 11 150 0
12 13 160 0
13 14 170 0
14 32 290 6.25
15 52 410 18.75
16 90 630 18.75
0 1 10 0
1 1 20 0
2 1 40 0
3 2 50 0
4 2 60 0
5 4 90 0
6 5 100 0
7 6 110 0
8 7 130 0
9 10 160 0
10 11 170 0
11 20 250 0
12 22 260 0
13 39 380 6.25
14 57 500 6.25
15 80 640 6.25
16 100 760 6.25
0 0 10 0
1 0 40 0
2 0 60 0
3 1 70 0
4 1 80 0
5 2 100 0
6 3 110 0
7 4 120 0
8 7 150 0
9 8 160 0
10 11 190 0
11 12 200 0
12 28 320 6.25
13 48 460 6.25
14 66 580 6.25
15 89 720 6.25
16 110 840 18.75
0 0 10 0
1 1 20 0
2 1 30 0
3 1 40 0
4 2 50 0
5 2 60 0
6 4 80 0
7 5 100 0
8 8 130 0
9 10 150 0
10 14 180 0
11 17 210 0
12 19 220 0
13 21 240 0
14 24 260 0
15 40 360 0
16 47 400 0
0 0 10 0
1 0 20 0
2 2 60 0
3 2 70 0
4 3 80 0
5 3 90 0
6 4 100 0
7 5 110 0
8 6 120 0
9 7 130 0
10 15 200 0
11 18 230 0
12 25 280 0
13 30 320 0
14 49 440 0
15 68 560 6.25
16 104 770 6.25
0 0 10 0
1 0 20 0
2 0 30 0
3 1 40 0
4 1 50 0
5 4 90 0
6 4 100 0
7 5 110 0
8 6 120 0
9 9 150 0
10 10 160 0
11 11 170 0
12 17 210 0
13 18 220 0
14 27 280 0
15 47 400 6.25
16 76 570 6.25
0 0 10 0
1 0 20 0
2 0 30 0
3 1 40 0
4 1 50 0
5 2 60 0
6 5 100 0
7 9 150 0
8 10 160 0
9 12 180 0
10 13 190 0
11 20 250 0
12 23 270 0
13 24 280 0
14 29 310 0
15 48 430 6.25
16 69 550 18.75
0 0 10 0
1 1 20 0
2 1 30 0
3 2 50 0
4 2 60 0
5 6 120 0
6 8 150 0
7 9 160 0
8 20 280 6.25
9 32 400 6.25
10 45 520 6.25
11 60 640 6.25
12 76 760 6.25
13 100 930 6.25
14 118 1050 6.25
15 137 1170 18.75
16 165 1330 18.75
0 0 10 0
1 1 20 0
2 1 30 0
3 1 40 0
4 2 50 0
5 3 70 0
6 4 80 0
7 5 100 0
8 6 110 0
9 7 120 0
10 13 170 0
11 14 180 0
12 16 190 0
13 33 310 6.25
14 51 430 6.25
15 71 550 6.25
16 92 670 6.25
0 0 10 0
1 0 20 0
2 0 30 0
3 1 40 0
4 1 50 0
5 2 60 0
6 3 70 0
7 4 80 0
8 10 150 0
9 17 220 0
10 22 260 0
11 23 270 0
12 31 330 0
13 33 340 0
14 51 460 6.25
15 87 680 6.25
16 110 810 6.25
0 0 10 0
1 0 30 0
2 1 40 0
3 1 50 0
4 2 60 0
5 2 70 0
6 3 80 0
7 4 90 0
8 6 110 0
9 7 120 0
10 10 150 0
11 12 170 0
12 14 180 0
13 15 190 0
14 24 250 0
15 29 280 0
16 50 400 6.25
0 0 10 0
1 1 20 0
2 1 30 0
3 1 40 0
4 2 50 0
5 3 60 0
6 3 70 0
7 4 80 0
8 5 90 0
9 6 100 0
10 7 110 0
11 8 120 0
12 10 130 0
13 11 140 0
14 22 210 0
15 28 250 0
16 49 370 6.25
0 0 10 0
1 1 20 0
2 2 50 0
3 2 60 0
4 3 70 0
5 4 90 0
6 4 100 0
7 5 110 0
8 6 120 0
9 7 130 0
10 8 140 0
11 17 210 0
12 18 220 0
13 21 240 0
14 23 250 0
15 33 310 0
16 53 430 6.25
0 1 10 0
1 1 20 0
2 1 30 0
3 2 40 0
4 2 50 0
5 3 60 0
6 3 70 0
7 4 80 0
8 5 90 0
9 6 100 0
10 7 110 0
11 13 160 0
12 25 250 0
13 27 260 0
14 36 320 0
15 55 440 6.25
16 76 560 18.75
0 0 10 0
1 0 20 0
2 0 30 0
3 1 40 0
4 2 70 0
5 4 90 0
6 4 100 0
7 5 110 0
8 8 140 0
9 11 170 0
10 12 180 0
11 13 190 0
12 15 200 0
13 32 320 6.25
14 55 470 6.25
15 74 590 18.75
16 95 710 37.5
0 0 10 0
1 0 20 0
2 1 30 0
3 1 50 0
4 2 60 0
5 3 70 0
6 3 80 0
7 4 90 0
8 5 100 0
9 7 120 0
10 8 130 0
11 9 140 0
12 11 150 0
13 26 260 0
14 42 370 0
15 51 420 0
16 71 540 6.25
0 0 10 0
1 1 20 0
2 2 50 0
3 2 60 0
4 3 70 0
5 4 90 0
6 4 100 0
7 5 110 0
8 6 120 0
9 7 130 0
10 11 160 0
11 20 240 0
12 22 250 0
13 34 340 0
14 50 440 0
15 56 480 0
16 77 600 6.25
0 0 10 0
1 1 50 0
2 1 60 0
3 2 80 0
4 4 120 0
5 5 130 0
6 5 140 0
7 6 150 0
8 7 160 0
9 8 170 0
10 19 270 0
11 30 360 0
12 32 370 0
13 49 490 6.25
14 67 610 6.25
15 87 730 18.75
16 114 890 12.5
0 0 10 0
1 0 20 0
2 0 30 0
3 1 40 0
4 1 50 0
5 2 60 0
6 3 70 0
7 3 80 0
8 6 110 0
9 7 120 0
10 8 130 0
11 10 140 0
12 12 160 0
13 16 190 0
14 18 200 0
15 28 260 0
16 48 380 6.25
0 0 10 0
1 0 20 0
2 0 30 0
3 1 40 0
4 1 50 0
5 2 60 0
6 2 70 0
7 3 80 0
8 4 90 0
9 5 100 0
10 10 140 0
11 15 180 0
12 16 190 0
13 22 230 0
14 40 350 6.25
15 63 490 6.25
16 92 660 6.25
0 0 10 0
1 0 20 0
2 1 30 0
3 1 40 0
4 3 70 0
5 3 80 0
6 5 100 0
7 6 120 0
8 7 130 0
9 8 140 0
10 9 150 0
11 11 160 0
12 12 170 0
13 15 190 0
14 16 200 0
15 36 320 6.25
16 57 440 18.75
0 0 10 0
1 0 20 0
2 0 30 0
3 1 50 0
4 2 70 0
5 5 110 0
6 5 120 0
7 6 130 0
8 7 140 0
9 9 160 0
10 10 170 0
11 11 180 0
12 17 220 0
13 20 240 0
14 23 260 0
15 28 290 0
16 48 410 6.25
0 0 10 0
1 0 20 0
2 1 30 0
3 1 40 0
4 2 50 0
5 2 60 0
6 3 70 0
7 4 80 0
8 5 90 0
9 6 100 0
10 7 110 0
11 8 120 0
12 10 130 0
13 11 140 0
14 22 210 0
15 23 220 0
16 44 340 6.25
0 0 10 0
1 0 20 0
2 0 30 0
3 1 40 0
4 1 50 0
5 2 60 0
6 3 70 0
7 4 90 0
8 5 100 0
9 6 110 0
10 7 120 0
11 9 130 0
12 10 140 0
13 17 190 0
14 20 210 0
15 40 330 6.25
16 61 450 18.75
0 0 10 0
1 0 20 0
2 0 30 0
3 1 40 0
4 2 60 0
5 2 70 0
6 3 80 0
7 4 90 0
8 7 120 0
9 8 130 0
10 12 170 0
11 16 200 0
12 25 270 0
13 27 280 0
14 34 330 0
15 38 350 0
16 58 470 6.25
0 0 10 0
1 0 20 0
2 1 30 0
3 1 40 0
4 2 50 0
5 2 60 0
6 4 80 0
7 5 90 0
8 12 170 0
9 13 180 0
10 15 200 0
11 17 210 0
12 23 260 0
13 35 340 0
14 38 360 0
15 41 380 0
16 62 500 6.25
0 0 10 0
1 0 30 0
2 0 40 0
3 1 50 0
4 1 60 0
5 2 70 0
6 3 90 0
7 5 110 0
8 7 130 0
9 8 140 0
10 9 150 0
11 12 170 0
12 16 200 0
13 20 230 0
14 21 240 0
15 41 360 6.25
16 62 480 18.75
0 1 10 0
1 1 20 0
2 1 30 0
3 2 40 0
4 2 50 0
5 3 60 0
6 3 70 0
7 4 80 0
8 15 200 6.25
9 27 320 6.25
10 41 440 6.25
11 56 560 6.25
12 72 680 6.25
13 89 800 6.25
14 117 980 6.25
15 136 1100 12.5
16 157 1220 25
0 0 10 0
1 0 20 0
2 0 30 0
3 1 40 0
4 1 50 0
5 2 60 0
6 3 70 0
7 4 80 0
8 8 130 0
9 11 160 0
10 13 170 0
11 17 210 0
12 20 230 0
13 22 240 0
14 40 360 6.25
15 71 550 6.25
16 92 670 18.75
0 0 10 0
1 0 40 0
2 1 50 0
3 1 60 0
4 1 70 0
5 2 80 0
6 3 90 0
7 4 100 0
8 5 120 0
9 11 170 0
10 12 180 0
11 18 230 0
12 23 270 0
13 25 280 0
14 43 400 6.25
15 69 560 6.25
16 90 680 6.25
0 1 10 0
1 1 20 0
2 1 30 0
3 1 40 0
4 2 50 0
5 3 60 0
6 5 100 0
7 6 110 0
8 7 120 0
9 9 140 0
10 20 240 0
11 22 250 0
12 23 260 0
13 40 380 6.25
14 61 520 6.25
15 81 640 18.75
16 115 840 18.75
0 0 10 0
1 1 20 0
2 1 40 0
3 2 50 0
4 2 60 0
5 3 70 0
6 3 80 0
7 4 90 0
8 5 100 0
9 11 160 0
10 15 190 0
11 17 210 0
12 26 280 0
13 36 350 0
14 55 470 6.25
15 81 630 6.25
16 101 750 18.75
0 0 10 0
1 0 20 0
2 1 30 0
3 1 40 0
4 2 50 0
5 2 60 0
6 3 70 0
7 4 80 0
8 5 90 0
9 6 100 0
10 7 110 0
11 8 120 0
12 11 140 0
13 12 150 0
14 30 270 6.25
15 50 390 18.75
16 71 510 18.75
0 0 10 0
1 0 20 0
2 0 30 0
3 1 50 0
4 1 60 0
5 2 70 0
6 3 80 0
7 4 90 0
8 5 100 0
9 6 110 0
10 7 120 0
11 12 160 0
12 19 220 0
13 22 240 0
14 24 250 0
15 43 370 6.25
16 64 490 18.75
0 0 10 0
1 0 20 0
2 1 30 0
3 1 40 0
4 2 50 0
5 2 60 0
6 3 70 0
7 5 90 0
8 9 140 0
9 11 160 0
10 12 170 0
11 14 180 0
12 27 280 0
13 28 290 0
14 37 350 0
15 57 470 6.25
16 78 590 18.75
0 0 10 0
1 0 20 0
2 0 30 0
3 0 40 0
4 1 50 0
5 2 60 0
6 2 70 0
7 3 80 0
8 4 90 0
9 5 100 0
10 6 110 0
11 11 150 0
12 12 160 0
13 14 170 0
14 15 180 0
15 35 300 6.25
16 66 480 6.25
0 0 10 0
1 0 20 0
2 1 30 0
3 1 40 0
4 2 50 0
5 3 70 0
6 4 90 0
7 6 110 0
8 7 120 0
9 8 130 0
10 9 140 0
11 15 190 0
12 24 260 0
13 31 310 0
14 41 370 0
15 52 440 0
16 54 450 0
0 0 10 0
1 1 20 0
2 1 30 0
3 1 40 0
4 3 70 0
5 3 80 0
6 4 90 0
7 6 110 0
8 7 120 0
9 8 130 0
10 11 160 0
11 15 190 0
12 16 200 0
13 17 210 0
14 18 220 0
15 20 230 0
16 40 350 6.25
0 0 10 0
1 1 20 0
2 1 30 0
3 1 40 0
4 2 50 0
5 3 60 0
6 5 100 0
7 9 140 0
8 10 150 0
9 12 170 0
10 14 190 0
11 16 210 0
12 20 240 0
13 37 360 6.25
14 59 500 6.25
15 78 620 18.75
16 99 740 37.5
0 0 10 0
1 1 30 0
2 1 40 0
3 2 50 0
4 2 60 0
5 4 100 0
6 5 110 0
7 8 140 0
8 9 160 0
9 10 170 0
10 15 210 0
11 16 220 0
12 17 230 0
13 19 240 0
14 20 250 0
15 40 370 6.25
16 61 490 18.75
0 0 10 0
1 0 20 0
2 0 30 0
3 1 40 0
4 2 60 0
5 2 70 0
6 6 120 0
7 7 130 0
8 8 140 0
9 9 150 0
10 11 170 0
11 12 180 0
12 16 210 0
13 18 220 0
14 27 280 0
15 46 400 6.25
16 67 520 18.75
0 0 10 0
1 0 20 0
2 2 60 0
3 2 70 0
4 3 80 0
5 3 90 0
6 4 100 0
7 6 130 0
8 7 140 0
9 8 150 0
10 9 160 0
11 14 200 0
12 18 230 0
13 20 240 0
14 24 270 0
15 28 290 0
16 48 410 6.25
0 0 10 0
1 0 20 0
2 1 30 0
3 1 40 0
4 1 50 0
5 2 60 0
6 3 80 0
7 4 90 0
8 6 110 0
9 9 140 0
10 10 150 0
11 14 180 0
12 17 200 0
13 24 250 0
14 42 370 6.25
15 61 490 6.25
16 82 610 18.75
0 0 10 0
1 0 20 0
2 1 30 0
3 1 40 0
4 2 50 0
5 2 60 0
6 4 80 0
7 5 90 0
8 5 100 0
9 6 110 0
10 13 170 0
11 14 180 0
12 17 200 0
13 20 220 0
14 23 240 0
15 42 360 6.25
16 63 480 18.75
0 0 10 0
1 1 30 0
2 1 40 0
3 1 50 0
4 1 60 0
5 2 80 0
6 4 110 0
7 5 120 0
8 7 140 0
9 8 150 0
10 9 160 0
11 10 170 0
12 12 180 0
13 13 190 0
14 31 310 6.25
15 51 430 18.75
16 72 550 37.5
0 0 10 0
1 0 20 0
2 0 30 0
3 1 50 0
4 2 60 0
5 3 80 0
6 4 100 0
7 5 110 0
8 7 130 0
9 9 150 0
10 10 160 0
11 11 170 0
12 13 180 0
13 14 190 0
14 16 200 0
15 19 220 0
16 40 340 6.25
0 0 10 0
1 0 20 0
2 0 40 0
3 1 50 0
4 2 70 0
5 3 80 0
6 3 90 0
7 4 100 0
8 5 110 0
9 6 120 0
10 8 140 0
11 9 150 0
12 20 230 0
13 37 350 6.25
14 55 470 18.75
15 83 640 12.5
16 104 760 12.5
0 0 10 0
1 0 20 0
2 0 30 0
3 1 40 0
4 1 50 0
5 2 70 0
6 3 80 0
7 4 90 0
8 5 100 0
9 6 110 0
10 8 130 0
11 9 140 0
12 11 150 0
13 12 160 0
14 20 210 0
15 23 230 0
16 44 350 6.25
0 0 10 0
1 0 20 0
2 0 30 0
3 1 40 0
4 1 50 0
5 2 60 0
6 3 80 0
7 4 90 0
8 8 130 0
9 20 250 6.25
10 39 420 6.25
11 57 570 6.25
12 73 690 6.25
13 94 840 6.25
14 113 960 6.25
15 132 1080 6.25
16 153 1200 6.25
0 0 10 0
1 0 20 0
2 1 30 0
3 1 40 0
4 2 60 0
5 3 70 0
6 3 80 0
7 4 100 0
8 5 110 0
9 8 140 0
10 10 160 0
11 12 170 0
12 14 190 0
13 17 210 0
14 19 220 0
15 38 340 6.25
16 59 460 6.25
0 0 10 0
1 0 20 0
2 0 30 0
3 1 40 0
4 2 60 0
5 5 110 0
6 5 120 0
7 8 150 0
8 9 160 0
9 12 190 0
10 13 200 0
11 26 310 0
12 28 320 0
13 29 330 0
14 43 420 0
15 62 540 6.25
16 83 660 6.25
0 0 10 0
1 0 20 0
2 1 30 0
3 1 40 0
4 2 50 0
5 2 60 0
6 3 70 0
7 4 80 0
8 5 90 0
9 6 100 0
10 7 110 0
11 8 120 0
12 24 240 6.25
13 44 380 6.25
14 62 500 6.25
15 88 660 6.25
16 111 790 6.25
0 0 10 0
1 1 20 0
2 1 30 0
3 1 40 0
4 2 50 0
5 3 60 0
6 3 70 0
7 4 80 0
8 8 120 0
9 10 140 0
10 11 150 0
11 13 170 0
12 16 190 0
13 33 310 6.25
14 62 500 6.25
15 91 680 6.25
16 112 800 18.75
0 0 10 0
1 0 20 0
2 1 30 0
3 1 40 0
4 2 50 0
5 2 60 0
6 3 70 0
7 5 100 0
8 9 140 0
9 11 160 0
10 12 170 0
11 21 240 0
12 27 290 0
13 29 300 0
14 40 370 0
15 59 490 6.25
16 80 610 18.75
0 1 10 0
1 1 20 0
2 1 30 0
3 2 40 0
4 2 50 0
5 3 60 0
6 3 70 0
7 6 100 0
8 7 110 0
9 8 120 0
10 9 130 0
11 11 150 0
12 13 160 0
13 14 170 0
14 32 290 6.25
15 52 410 6.25
16 73 530 6.25
0 1 10 0
1 1 20 0
2 1 30 0
3 1 40 0
4 3 80 0
5 4 90 0
6 5 100 0
7 6 120 0
8 10 160 0
9 12 180 0
10 15 210 0
11 16 220 0
12 18 240 0
13 34 350 0
14 49 450 0
15 69 570 6.25
16 100 750 6.25
0 0 10 0
1 0 20 0
2 0 30 0
3 1 40 0
4 2 70 0
5 3 80 0
6 4 90 0
7 5 110 0
8 6 120 0
9 7 130 0
10 8 140 0
11 19 230 0
12 22 250 0
13 39 370 6.25
14 62 520 6.25
15 81 640 18.75
16 108 800 18.75
0 0 10 0
1 1 20 0
2 1 30 0
3 1 40 0
4 2 50 0
5 3 60 0
6 3 70 0
7 9 140 0
8 10 150 0
9 11 160 0
10 12 170 0
11 13 180 0
12 29 300 6.25
13 46 420 6.25
14 64 540 6.25
15 89 690 6.25
16 110 810 6.25
0 0 10 0
1 0 20 0
2 1 50 0
3 3 90 0
4 3 100 0
5 4 120 0
6 5 130 0
7 6 140 0
8 7 150 0
9 8 160 0
10 9 170 0
11 14 210 0
12 16 230 0
13 33 350 6.25
14 55 500 6.25
15 89 710 6.25
16 122 900 6.25
0 0 10 0
1 1 40 0
2 1 50 0
3 1 60 0
4 2 70 0
5 3 80 0
6 3 90 0
7 4 100 0
8 5 110 0
9 6 120 0
10 7 130 0
11 10 150 0
12 11 160 0
13 28 280 6.25
14 46 400 18.75
15 71 550 18.75
16 92 670 37.5
0 1 10 0
1 1 20 0
2 1 30 0
3 2 40 0
4 2 50 0
5 4 80 0
6 5 90 0
7 5 100 0
8 6 110 0
9 7 120 0
10 9 130 0
11 10 140 0
12 11 150 0
13 17 190 0
14 20 210 0
15 21 220 0
16 30 270 0
0 1 10 0
1 1 20 0
2 1 30 0
3 1 40 0
4 2 50 0
5 3 60 0
6 3 70 0
7 6 100 0
8 7 110 0
9 8 120 0
10 10 140 0
11 11 150 0
12 27 270 6.25
13 44 390 6.25
14 62 510 18.75
15 82 630 37.5
16 103 750 37.5
0 1 10 0
1 1 20 0
2 1 30 0
3 1 40 0
4 2 60 0
5 4 90 0
6 5 100 0
7 15 220 6.25
8 26 340 6.25
9 38 460 6.25
10 51 580 6.25
11 66 700 6.25
12 82 820 6.25
13 102 960 6.25
14 120 1080 6.25
15 144 1230 6.25
16 165 1350 6.25
0 0 10 0
1 1 20 0
2 1 40 0
3 2 50 0
4 2 60 0
5 3 70 0
6 4 80 0
7 6 110 0
8 7 120 0
9 8 130 0
10 11 160 0
11 12 170 0
12 17 210 0
13 24 260 0
14 30 300 0
15 32 310 0
16 52 430 6.25
