0 0 10
1 1 20
2 1 30
3 1 40
4 2 50
5 3 60
6 3 70
7 4 80
8 5 90
9 8 120
10 9 130
11 12 150
12 13 160
13 17 190
14 28 260
15 33 290
16 53 410
0 1 10
1 1 30
2 1 40
3 2 60
4 3 70
5 3 80
6 4 90
7 5 100
8 6 110
9 7 120
10 9 140
11 13 170
12 24 260
13 33 320
14 45 400
15 47 410
16 67 530
0 0 10
1 1 20
2 1 30
3 1 40
4 2 50
5 3 60
6 3 70
7 4 80
8 5 90
9 6 100
10 7 110
11 12 150
12 13 160
13 16 180
14 35 300
15 55 420
16 77 550
0 0 10
1 0 20
2 1 30
3 1 40
4 2 50
5 2 60
6 3 70
7 4 80
8 5 90
9 6 100
10 8 120
11 10 140
12 12 150
13 17 190
14 19 200
15 29 260
16 49 380
0 0 10
1 1 20
2 1 30
3 1 40
4 2 50
5 2 60
6 3 70
7 4 80
8 5 90
9 6 100
10 7 110
11 8 120
12 11 140
13 14 160
14 32 280
15 52 400
16 72 520
0 0 10
1 0 20
2 0 30
3 1 40
4 1 50
5 2 60
6 3 70
7 4 80
8 4 90
9 7 120
10 9 140
11 24 260
12 49 450
13 67 580
14 85 700
15 116 890
16 149 1080
0 0 10
1 0 20
2 0 30
3 1 40
4 1 50
5 2 60
6 3 70
7 4 90
8 5 100
9 6 110
10 7 120
11 22 240
12 38 360
13 55 480
14 77 620
15 102 770
16 122 890
0 1 10
1 1 30
2 1 40
3 2 50
4 2 60
5 3 80
6 4 90
7 5 100
8 6 110
9 7 120
10 8 130
11 13 170
12 29 290
13 46 410
14 65 530
15 99 740
16 122 870
0 0 10
1 0 20
2 1 30
3 1 40
4 2 50
5 2 60
6 3 70
7 4 80
8 5 90
9 9 130
10 10 140
11 11 150
12 12 160
13 22 230
14 24 240
15 43 360
16 64 480
0 0 10
1 1 20
2 1 30
3 1 40
4 2 50
5 2 60
6 4 80
7 5 90
8 6 100
9 8 120
10 12 160
11 17 200
12 25 260
13 26 270
14 45 390
15 79 600
16 100 720
0 0 10
1 0 20
2 1 40
3 1 50
4 2 60
5 3 70
6 3 80
7 5 100
8 6 110
9 7 120
10 11 160
11 13 170
12 15 190
13 17 200
14 35 320
15 64 500
16 85 620
0 0 10
1 0 20
2 1 40
3 1 50
4 1 60
5 2 70
6 3 90
7 4 100
8 5 110
9 7 130
10 13 180
11 14 190
12 15 200
13 20 230
14 21 240
15 31 300
16 48 400
0 0 10
1 1 40
2 1 50
3 2 60
4 2 70
5 3 80
6 4 90
7 5 110
8 6 120
9 10 160
10 11 170
11 13 180
12 15 200
13 17 210
14 20 230
15 39 350
16 60 470
0 0 10
1 1 20
2 1 30
3 1 40
4 2 50
5 2 60
6 3 70
7 5 90
8 7 110
9 10 140
10 11 150
11 24 260
12 27 280
13 44 400
14 63 520
15 83 640
16 104 760
0 0 10
1 0 20
2 0 40
3 1 50
4 1 60
5 2 70
6 3 80
7 4 100
8 9 150
9 13 190
10 14 200
11 18 230
12 23 270
13 34 340
14 49 440
15 69 560
16 90 680
0 0 10
1 0 30
2 1 50
3 1 60
4 2 70
5 3 90
6 4 100
7 5 110
8 8 150
9 13 190
10 15 210
11 16 220
12 17 230
13 19 240
14 30 310
15 46 410
16 67 530
0 0 10
1 1 20
2 1 30
3 1 40
4 2 50
5 2 60
6 3 70
7 4 80
8 5 90
9 7 110
10 8 120
11 10 130
12 15 170
13 32 290
14 65 500
15 94 680
16 116 800
0 0 10
1 0 20
2 1 30
3 1 50
4 2 60
5 3 80
6 4 90
7 5 100
8 7 120
9 12 170
10 13 180
11 14 190
12 16 200
13 27 280
14 46 400
15 65 520
16 87 640
0 1 10
1 1 20
2 1 30
3 1 40
4 2 50
5 3 60
6 3 70
7 5 90
8 6 100
9 7 110
10 8 120
11 9 130
12 11 140
13 12 150
14 15 170
15 27 240
16 37 300
0 0 10
1 0 20
2 1 30
3 1 40
4 2 60
5 3 80
6 4 90
7 5 100
8 7 120
9 8 130
10 17 210
11 22 250
12 26 280
13 34 340
14 37 360
15 57 480
16 78 600
0 0 10
1 0 20
2 1 30
3 1 40
4 2 50
5 2 60
6 3 70
7 4 80
8 10 150
9 14 190
10 21 250
11 29 310
12 30 320
13 31 330
14 39 380
15 59 500
16 80 620
0 0 10
1 0 20
2 0 30
3 1 50
4 2 70
5 3 80
6 4 100
7 5 110
8 9 150
9 10 160
10 11 170
11 12 180
12 19 230
13 29 300
14 45 400
15 46 410
16 67 530
0 1 10
1 1 20
2 1 30
3 2 40
4 2 50
5 3 60
6 3 70
7 4 80
8 5 90
9 8 120
10 9 130
11 11 150
12 12 160
13 14 170
14 29 270
15 49 390
16 70 510
0 0 10
1 0 20
2 1 30
3 1 50
4 2 60
5 5 110
6 6 120
7 7 130
8 8 150
9 18 240
10 19 250
11 24 290
12 36 380
13 40 410
14 42 420
15 61 540
16 82 660
0 0 10
1 0 20
2 1 60
3 2 80
4 2 90
5 3 100
6 4 110
7 5 120
8 6 140
9 7 150
10 10 170
11 11 180
12 12 190
13 14 200
14 23 260
15 36 340
16 57 460
0 1 10
1 1 20
2 1 30
3 1 40
4 2 50
5 3 60
6 3 70
7 5 90
8 6 100
9 7 110
10 9 130
11 12 150
12 13 160
13 22 220
14 30 270
15 50 390
16 71 510
0 0 10
1 1 20
2 1 30
3 1 40
4 3 70
5 4 80
6 4 90
7 7 120
8 8 130
9 13 180
10 14 190
11 15 200
12 25 270
13 42 390
14 61 510
15 83 640
16 104 760
0 0 10
1 0 20
2 0 30
3 2 60
4 2 70
5 3 80
6 4 90
7 4 100
8 5 110
9 8 140
10 9 150
11 14 190
12 21 240
13 39 360
14 59 490
15 79 610
16 100 730
0 0 10
1 1 30
2 1 40
3 2 50
4 4 90
5 4 100
6 6 120
7 7 130
8 8 140
9 9 150
10 10 160
11 12 180
12 19 230
13 33 330
14 51 450
15 71 570
16 96 710
0 0 10
1 0 20
2 1 30
3 1 40
4 2 50
5 3 70
6 4 80
7 5 100
8 6 110
9 7 120
10 8 130
11 9 140
12 11 150
13 12 160
14 18 200
15 25 240
16 46 360
0 0 10
1 0 20
2 0 30
3 1 40
4 1 50
5 3 80
6 4 90
7 6 110
8 7 120
9 8 130
10 10 150
11 11 160
12 13 170
13 17 200
14 20 220
15 28 270
16 49 390
0 0 10
1 1 20
2 1 30
3 1 40
4 2 50
5 2 60
6 3 70
7 4 80
8 5 90
9 9 130
10 10 140
11 17 200
12 19 210
13 20 220
14 23 240
15 25 250
16 37 320
0 0 10
1 0 20
2 1 30
3 2 50
4 3 70
5 3 80
6 4 90
7 5 100
8 6 110
9 7 120
10 8 130
11 14 180
12 17 200
13 24 250
14 35 320
15 54 440
16 75 560
0 0 10
1 0 20
2 1 30
3 1 40
4 2 50
5 2 60
6 3 70
7 4 80
8 5 90
9 9 130
10 11 150
11 12 160
12 15 180
13 25 250
14 28 270
15 48 390
16 68 510
0 0 10
1 0 20
2 1 40
3 1 50
4 2 70
5 3 80
6 4 90
7 4 100
8 5 110
9 8 140
10 10 150
11 11 160
12 19 220
13 22 240
14 23 250
15 43 370
16 64 490
0 0 10
1 0 20
2 0 40
3 0 50
4 1 70
5 2 80
6 2 90
7 9 170
8 10 180
9 11 190
10 12 200
11 27 320
12 43 440
13 67 610
14 87 740
15 107 860
16 127 980
0 0 10
1 0 20
2 1 30
3 1 40
4 2 50
5 2 60
6 3 70
7 6 110
8 7 120
9 8 130
10 11 150
11 12 160
12 13 170
13 19 210
14 20 220
15 40 340
16 61 460
0 0 10
1 0 20
2 0 30
3 1 40
4 1 50
5 2 60
6 3 70
7 3 80
8 4 90
9 7 120
10 10 140
11 17 200
12 18 210
13 24 250
14 30 290
15 50 410
16 71 530
0 1 10
1 1 20
2 2 50
3 3 80
4 3 90
5 4 100
6 9 170
7 10 180
8 14 220
9 15 230
10 23 300
11 26 330
12 29 350
13 46 470
14 64 590
15 84 710
16 105 830
0 0 10
1 0 20
2 0 40
3 1 50
4 1 60
5 3 80
6 5 120
7 6 130
8 7 140
9 11 180
10 12 190
11 14 200
12 15 210
13 26 290
14 28 300
15 30 310
16 50 430
0 0 10
1 0 20
2 1 30
3 1 40
4 2 50
5 2 60
6 3 70
7 4 80
8 6 100
9 7 110
10 8 120
11 9 130
12 10 140
13 12 150
14 26 240
15 27 250
16 48 370
0 0 10
1 0 20
2 0 30
3 1 40
4 2 60
5 2 70
6 3 80
7 7 130
8 8 140
9 9 150
10 10 160
11 15 200
12 23 260
13 29 300
14 47 420
15 67 540
16 93 690
0 0 10
1 0 20
2 0 30
3 1 40
4 2 70
5 4 100
6 5 110
7 6 120
8 10 170
9 13 200
10 20 260
11 23 280
12 24 290
13 33 350
14 37 380
15 57 500
16 78 620
0 0 10
1 1 20
2 1 40
3 2 50
4 2 60
5 3 70
6 4 80
7 4 90
8 5 100
9 6 110
10 14 180
11 17 200
12 22 240
13 39 360
14 59 490
15 79 610
16 100 730
0 1 10
1 1 20
2 2 70
3 3 80
4 3 90
5 4 100
6 5 110
7 5 120
8 7 140
9 8 150
10 9 160
11 11 170
12 21 250
13 26 280
14 27 290
15 30 310
16 51 430
0 0 10
1 0 20
2 1 50
3 1 60
4 2 70
5 3 80
6 3 90
7 7 140
8 8 150
9 9 160
10 10 170
11 13 190
12 21 250
13 22 260
14 25 280
15 30 310
16 51 430
0 0 10
1 0 20
2 0 30
3 1 40
4 1 50
5 3 70
6 5 100
7 6 110
8 7 120
9 8 130
10 9 140
11 11 160
12 15 190
13 17 200
14 21 230
15 24 250
16 45 370
0 0 10
1 1 30
2 1 40
3 1 50
4 2 60
5 3 70
6 4 90
7 8 140
8 9 150
9 10 160
10 11 170
11 15 200
12 18 220
13 23 260
14 42 380
15 62 500
16 93 680
0 0 10
1 1 30
2 1 40
3 1 50
4 2 60
5 3 80
6 6 120
7 7 130
8 11 170
9 12 180
10 13 190
11 14 200
12 30 320
13 47 440
14 66 560
15 92 720
16 114 840
0 0 10
1 1 20
2 1 30
3 1 40
4 2 50
5 2 60
6 3 70
7 5 90
8 6 100
9 7 110
10 8 120
11 9 130
12 12 150
13 19 200
14 38 320
15 58 440
16 79 560
0 0 10
1 0 20
2 1 30
3 1 40
4 2 50
5 2 60
6 3 70
7 4 80
8 5 90
9 7 110
10 9 130
11 10 140
12 12 150
13 16 180
14 19 200
15 39 320
16 60 440
0 0 10
1 0 20
2 1 30
3 1 40
4 3 70
5 6 120
6 7 130
7 7 140
8 8 150
9 9 160
10 10 170
11 13 190
12 16 210
13 33 330
14 51 450
15 71 570
16 91 690
0 0 10
1 1 20
2 1 30
3 2 50
4 2 60
5 3 70
6 4 80
7 5 100
8 7 120
9 8 130
10 11 160
11 20 230
12 31 310
13 33 330
14 52 450
15 71 570
16 91 690
0 0 10
1 1 20
2 1 30
3 2 50
4 2 60
5 3 70
6 4 80
7 6 110
8 9 140
9 10 150
10 11 160
11 15 190
12 31 310
13 61 520
14 79 640
15 107 810
16 134 970
0 0 10
1 1 20
2 1 30
3 1 40
4 2 50
5 2 60
6 3 70
7 5 90
8 6 100
9 7 110
10 8 120
11 13 160
12 14 170
13 21 220
14 35 310
15 54 430
16 75 550
0 0 10
1 1 60
2 1 70
3 2 80
4 2 90
5 3 100
6 4 110
7 5 120
8 6 130
9 13 200
10 14 210
11 15 220
12 16 230
13 33 350
14 58 510
15 77 630
16 98 750
0 0 10
1 0 20
2 0 30
3 2 60
4 2 70
5 3 90
6 4 100
7 5 110
8 6 120
9 9 150
10 13 190
11 18 230
12 20 240
13 25 280
14 44 400
15 63 520
16 98 720
0 0 10
1 0 20
2 1 30
3 1 40
4 2 50
5 2 60
6 3 70
7 4 80
8 5 90
9 6 100
10 7 110
11 9 130
12 13 160
13 21 210
14 22 220
15 42 340
16 65 470
0 0 10
1 0 20
2 1 30
3 1 40
4 2 50
5 2 60
6 3 70
7 4 80
8 10 150
9 11 160
10 12 170
11 14 180
12 16 200
13 20 230
14 39 350
15 65 510
16 86 630
0 0 10
1 1 20
2 1 30
3 1 40
4 2 50
5 2 60
6 3 70
7 4 80
8 5 90
9 6 100
10 16 190
11 17 200
12 19 210
13 26 260
14 35 320
15 36 330
16 57 450
0 0 10
1 0 20
2 0 30
3 1 40
4 1 50
5 2 60
6 3 70
7 3 80
8 4 90
9 8 120
10 9 130
11 10 140
12 11 150
13 13 160
14 26 250
15 46 370
16 67 490
0 1 10
1 1 20
2 1 30
3 1 40
4 2 50
5 3 60
6 4 80
7 6 100
8 7 110
9 8 120
10 15 190
11 19 220
12 24 260
13 41 380
14 64 530
15 97 730
16 118 850
0 0 10
1 0 20
2 0 30
3 1 40
4 2 60
5 2 70
6 3 80
7 4 90
8 5 100
9 6 110
10 7 120
11 10 140
12 11 150
13 12 160
14 14 170
15 34 290
16 63 460
0 1 10
1 1 20
2 1 30
3 1 40
4 2 50
5 3 60
6 3 70
7 3 80
8 4 90
9 5 100
10 6 110
11 10 140
12 15 180
13 32 300
14 65 520
15 95 700
16 115 820
0 1 10
1 1 20
2 1 30
3 1 40
4 2 50
5 3 70
6 4 80
7 6 100
8 11 160
9 17 220
10 18 230
11 22 260
12 23 270
13 27 300
14 29 310
15 34 340
16 54 460
0 0 10
1 1 50
2 1 60
3 2 70
4 2 80
5 3 90
6 4 100
7 4 110
8 5 120
9 9 160
10 15 210
11 19 240
12 21 260
13 27 300
14 30 320
15 46 420
16 67 540
0 0 10
1 0 20
2 1 30
3 1 40
4 2 50
5 2 60
6 4 90
7 5 100
8 6 110
9 7 120
10 8 130
11 10 140
12 11 150
13 14 170
14 21 220
15 41 340
16 62 460
0 0 10
1 1 20
2 1 30
3 1 40
4 2 50
5 3 70
6 4 80
7 5 90
8 5 100
9 6 110
10 9 140
11 10 150
12 13 170
13 30 290
14 52 430
15 71 550
16 92 670
0 0 10
1 0 20
2 0 30
3 1 40
4 2 70
5 4 100
6 5 110
7 6 120
8 7 140
9 13 200
10 15 210
11 16 220
12 25 290
13 42 410
14 60 530
15 80 650
16 100 770
0 0 10
1 0 20
2 1 30
3 1 40
4 2 50
5 2 60
6 3 70
7 6 110
8 8 130
9 9 140
10 18 220
11 20 240
12 24 270
13 26 280
14 27 290
15 47 410
16 67 530
0 0 10
1 0 20
2 0 30
3 1 40
4 1 50
5 2 70
6 4 90
7 5 100
8 6 120
9 7 130
10 10 150
11 12 170
12 16 200
13 26 270
14 44 390
15 64 510
16 84 630
0 0 10
1 0 20
2 1 30
3 1 40
4 2 50
5 2 60
6 5 100
7 6 110
8 9 140
9 17 220
10 18 230
11 20 250
12 22 260
13 39 380
14 57 500
15 78 630
16 99 750
0 0 10
1 1 20
2 2 50
3 2 60
4 2 70
5 2 80
6 4 110
7 5 120
8 7 140
9 8 150
10 9 160
11 10 170
12 12 180
13 14 200
14 16 210
15 35 330
16 68 520
0 0 10
1 1 20
2 4 140
3 9 260
4 15 380
5 23 500
6 32 630
7 42 750
8 53 880
9 66 1000
10 79 1120
11 94 1240
12 109 1360
13 137 1550
14 159 1700
15 179 1820
16 200 1940
0 0 10
1 0 20
2 0 30
3 1 40
4 1 50
5 2 60
6 3 70
7 4 80
8 4 90
9 5 100
10 6 110
11 10 150
12 12 160
13 13 170
14 16 190
15 21 220
16 42 340
0 0 10
1 0 20
2 0 30
3 1 40
4 1 50
5 2 60
6 3 70
7 4 90
8 5 100
9 6 110
10 7 120
11 17 200
12 30 300
13 32 310
14 33 320
15 53 440
16 73 560
0 0 10
1 1 30
2 1 40
3 2 50
4 2 60
5 3 70
6 3 80
7 4 90
8 5 100
9 6 110
10 13 170
11 14 180
12 18 210
13 29 290
14 31 300
15 36 330
16 38 340
0 0 10
1 0 20
2 0 30
3 1 60
4 1 70
5 2 90
6 3 100
7 5 120
8 6 140
9 7 150
10 9 160
11 10 170
12 11 180
13 13 190
14 31 310
15 65 520
16 86 640
0 0 10
1 0 20
2 0 30
3 1 40
4 1 50
5 2 60
6 3 70
7 4 80
8 5 90
9 6 100
10 8 120
11 10 140
12 26 260
13 48 410
14 66 530
15 93 700
16 114 820
0 0 10
1 1 20
2 1 30
3 1 40
4 2 50
5 2 60
6 3 70
7 4 80
8 8 120
9 10 140
10 11 150
11 12 160
12 13 170
13 18 200
14 19 210
15 29 270
16 31 280
0 0 10
1 0 20
2 1 40
3 1 50
4 2 60
5 2 70
6 3 80
7 4 90
8 5 100
9 7 120
10 11 160
11 15 190
12 18 210
13 25 260
14 43 380
15 62 500
16 89 650
0 0 10
1 0 20
2 1 30
3 1 40
4 3 70
5 4 90
6 5 100
7 6 120
8 7 130
9 8 140
10 9 150
11 11 160
12 17 210
13 19 220
14 33 310
15 53 430
16 73 550
0 1 10
1 1 20
2 1 30
3 1 40
4 1 50
5 2 60
6 2 70
7 3 80
8 4 90
9 5 100
10 8 130
11 10 140
12 12 160
13 14 170
14 17 190
15 18 200
16 32 280
0 0 10
1 0 30
2 1 40
3 1 50
4 2 60
5 2 70
6 3 80
7 8 140
8 10 160
9 11 170
10 15 210
11 16 220
12 22 260
13 23 270
14 29 310
15 49 430
16 69 550
0 0 10
1 0 20
2 0 30
3 2 70
4 2 80
5 3 90
6 4 100
7 8 150
8 9 160
9 12 190
10 13 200
11 18 240
12 19 250
13 20 260
14 28 310
15 47 430
16 68 550
0 0 10
1 0 20
2 0 30
3 1 50
4 1 60
5 2 70
6 4 100
7 5 110
8 8 140
9 9 150
10 10 160
11 16 210
12 19 230
13 23 260
14 26 280
15 46 400
16 67 520
0 0 10
1 0 20
2 0 30
3 1 40
4 1 50
5 2 60
6 3 70
7 3 80
8 7 120
9 8 130
10 9 140
11 14 180
12 19 220
13 22 240
14 28 280
15 37 330
16 57 450
0 0 10
1 0 20
2 1 30
3 1 40
4 2 50
5 2 60
6 3 70
7 4 80
8 6 110
9 8 120
10 13 170
11 21 230
12 22 240
13 28 280
14 47 400
15 66 520
16 87 640
0 0 10
1 1 20
2 1 30
3 1 40
4 3 70
5 3 80
6 4 90
7 5 100
8 7 120
9 8 130
10 9 140
11 15 190
12 16 200
13 29 290
14 31 300
15 46 390
16 67 510
0 1 10
1 1 20
2 1 30
3 2 40
4 2 50
5 3 60
6 3 70
7 4 80
8 5 90
9 8 120
10 9 130
11 11 140
12 15 170
13 32 290
14 56 450
15 76 570
16 106 740
0 0 10
1 0 20
2 1 30
3 1 40
4 2 50
5 2 60
6 3 70
7 4 80
8 5 90
9 6 100
10 8 120
11 14 170
12 15 180
13 21 220
14 40 340
15 59 460
16 80 580
0 0 10
1 0 30
2 2 70
3 2 80
4 6 160
5 7 170
6 7 180
7 9 200
8 11 220
9 14 250
10 15 260
11 30 380
12 57 580
13 80 740
14 101 880
15 121 1000
16 142 1120
0 0 10
1 0 20
2 1 30
3 1 40
4 2 50
5 2 60
6 3 70
7 4 80
8 5 90
9 6 100
10 7 110
11 17 190
12 18 200
13 21 220
14 23 230
15 26 250
16 47 370
0 0 10
1 0 20
2 1 30
3 1 40
4 2 50
5 2 60
6 4 80
7 5 90
8 6 100
9 7 110
10 10 140
11 11 150
12 13 160
13 18 200
14 37 320
15 65 490
16 86 610
0 0 10
1 0 20
2 1 30
3 1 40
4 2 50
5 2 60
6 3 70
7 5 100
8 6 110
9 8 130
10 10 140
11 11 150
12 12 160
13 14 170
14 18 200
15 21 220
16 42 340
0 0 10
1 0 30
2 1 40
3 1 50
4 2 60
5 3 80
6 4 90
7 4 100
8 5 110
9 6 120
10 7 130
11 9 140
12 10 150
13 23 240
14 32 300
15 52 420
16 85 610
0 0 10
1 3 120
2 3 130
3 3 140
4 5 180
5 6 200
6 6 210
7 9 240
8 10 250
9 11 260
10 13 280
11 15 290
12 31 410
13 48 530
14 75 710
15 95 830
16 116 950
0 0 10
1 1 20
2 1 30
3 2 50
4 2 60
5 3 70
6 5 100
7 8 140
8 10 160
9 13 190
10 14 200
11 16 210
12 32 330
13 49 450
14 67 570
15 90 710
16 111 830
0 0 10
1 0 20
2 0 30
3 1 40
4 1 50
5 2 60
6 3 70
7 3 80
8 5 100
9 6 110
10 7 120
11 9 130
12 10 140
13 17 190
14 20 210
15 28 260
16 32 280
0 0 10
1 1 20
2 1 30
3 1 40
4 2 50
5 3 60
6 3 70
7 4 80
8 5 90
9 6 100
10 7 110
11 13 160
12 20 210
13 21 220
14 29 270
15 49 390
16 80 570
