0 0 10
1 0 20
2 0 30
3 1 40
4 1 50
5 2 60
6 2 70
7 3 80
8 7 117
9 8 127
10 9 137
11 10 147
12 12 164
13 15 185
14 17 195
15 27 256
16 40 330
0 0 10
1 0 20
2 0 30
3 1 40
4 1 55
5 2 65
6 3 75
7 4 85
8 6 108
9 7 118
10 8 134
11 11 165
12 15 191
13 16 201
14 22 237
15 23 247
16 34 311
0 0 10
1 1 20
2 1 30
3 1 40
4 2 50
5 2 60
6 3 70
7 4 80
8 5 90
9 6 100
10 8 120
11 11 142
12 12 152
13 15 172
14 24 229
15 33 286
16 42 339
0 0 10
1 1 20
2 1 41
3 2 51
4 2 61
5 3 71
6 4 81
7 4 91
8 5 101
9 7 120
10 9 135
11 10 145
12 12 157
13 19 208
14 29 270
15 39 332
16 59 451
0 0 10
1 0 20
2 0 30
3 1 40
4 1 50
5 3 73
6 5 111
7 7 132
8 9 152
9 10 162
10 11 172
11 12 182
12 15 203
13 17 213
14 24 260
15 41 364
16 52 427
0 0 10
1 1 37
2 1 47
3 1 57
4 2 77
5 3 87
6 4 97
7 5 107
8 6 117
9 7 127
10 8 137
11 9 147
12 10 157
13 15 192
14 18 212
15 28 269
16 40 338
0 0 10
1 0 20
2 0 30
3 1 40
4 2 55
5 2 65
6 3 75
7 4 85
8 9 144
9 15 199
10 22 258
11 29 319
12 40 398
13 49 464
14 59 528
15 73 613
16 84 675
0 0 10
1 0 20
2 2 69
3 3 101
4 4 111
5 4 121
6 5 131
7 7 151
8 11 198
9 12 213
10 14 223
11 18 255
12 25 312
13 35 381
14 44 441
15 52 494
16 63 558
0 0 10
1 0 20
2 0 30
3 1 40
4 1 50
5 2 60
6 2 70
7 5 97
8 6 107
9 7 117
10 13 177
11 21 238
12 28 293
13 36 353
14 46 417
15 54 468
16 70 557
0 0 10
1 0 20
2 1 30
3 1 40
4 1 50
5 2 60
6 3 70
7 4 80
8 6 102
9 7 112
10 10 139
11 11 149
12 16 187
13 25 247
14 33 305
15 42 355
16 59 458
0 1 10
1 1 20
2 1 30
3 1 40
4 2 50
5 3 72
6 4 82
7 5 92
8 6 102
9 7 112
10 8 122
11 10 138
12 11 148
13 13 158
14 21 215
15 31 282
16 49 381
0 0 10
1 0 25
2 0 35
3 1 45
4 1 55
5 2 65
6 4 94
7 6 115
8 7 125
9 8 135
10 9 145
11 10 155
12 12 168
13 13 178
14 17 205
15 19 215
16 31 282
0 0 10
1 1 20
2 1 35
3 2 50
4 3 77
5 4 87
6 4 97
7 5 107
8 6 117
9 7 127
10 8 137
11 10 147
12 11 157
13 12 167
14 20 219
15 31 286
16 49 392
0 0 10
1 0 20
2 1 30
3 1 40
4 2 50
5 2 60
6 3 70
7 5 90
8 6 100
9 11 152
10 22 249
11 28 301
12 37 364
13 45 421
14 53 474
15 63 537
16 72 592
0 0 10
1 1 30
2 1 40
3 1 50
4 2 60
5 2 70
6 3 80
7 4 90
8 5 100
9 6 110
10 13 175
11 22 250
12 35 345
13 43 403
14 54 476
15 64 537
16 75 598
0 0 10
1 0 26
2 1 36
3 1 46
4 2 56
5 2 66
6 3 76
7 4 86
8 5 96
9 6 106
10 7 116
11 9 131
12 10 141
13 18 195
14 27 258
15 43 355
16 53 414
0 0 10
1 1 20
2 1 30
3 1 40
4 2 50
5 3 60
6 3 70
7 4 80
8 5 90
9 6 100
10 7 110
11 8 120
12 10 136
13 11 146
14 19 200
15 30 266
16 40 325
0 0 10
1 0 20
2 0 30
3 1 40
4 1 50
5 2 60
6 3 70
7 3 80
8 5 94
9 6 104
10 7 114
11 10 138
12 11 148
13 19 207
14 29 267
15 39 328
16 50 395
0 0 10
1 0 20
2 0 30
3 2 57
4 2 67
5 3 77
6 4 96
7 8 140
8 9 150
9 10 160
10 12 183
11 13 193
12 15 203
13 22 258
14 31 313
15 39 366
16 50 425
0 0 10
1 0 20
2 1 30
3 1 40
4 2 60
5 3 70
6 3 80
7 4 90
8 5 100
9 8 124
10 9 134
11 14 176
12 16 192
13 24 247
14 33 306
15 42 362
16 58 453
0 0 10
1 1 20
2 1 30
3 1 40
4 2 50
5 5 106
6 9 160
7 14 223
8 20 281
9 27 358
10 34 416
11 42 480
12 52 563
13 59 611
14 69 673
15 81 749
16 91 810
0 0 10
1 0 20
2 0 30
3 1 40
4 1 50
5 2 60
6 3 70
7 4 80
8 4 90
9 5 100
10 7 110
11 11 149
12 13 159
13 21 220
14 30 274
15 40 339
16 55 424
0 1 10
1 1 20
2 2 46
3 2 62
4 3 72
5 4 86
6 4 96
7 5 106
8 7 123
9 8 133
10 9 143
11 16 203
12 24 261
13 32 317
14 41 374
15 53 452
16 65 519
0 0 10
1 0 20
2 0 30
3 1 40
4 1 50
5 2 60
6 3 70
7 3 80
8 4 90
9 6 106
10 7 116
11 8 126
12 10 136
13 11 146
14 13 156
15 21 207
16 31 263
0 0 10
1 0 20
2 0 30
3 2 66
4 2 76
5 3 86
6 4 96
7 4 106
8 6 124
9 7 134
10 11 169
11 19 232
12 31 321
13 40 387
14 53 471
15 63 531
16 72 588
0 1 10
1 1 20
2 1 30
3 2 40
4 2 50
5 3 60
6 3 70
7 7 114
8 8 124
9 10 142
10 11 152
11 12 162
12 19 215
13 35 324
14 44 388
15 55 461
16 66 523
0 0 10
1 0 27
2 1 37
3 1 47
4 2 57
5 2 67
6 4 96
7 5 106
8 6 116
9 7 126
10 8 136
11 10 146
12 11 156
13 12 166
14 22 230
15 35 311
16 45 370
0 0 10
1 0 20
2 1 39
3 1 49
4 3 88
5 4 98
6 5 115
7 6 125
8 9 158
9 10 168
10 11 178
11 12 188
12 13 198
13 15 213
14 26 279
15 36 345
16 53 442
0 0 10
1 0 20
2 0 30
3 1 40
4 2 63
5 2 73
6 4 115
7 5 125
8 6 135
9 7 145
10 8 155
11 10 165
12 18 227
13 30 311
14 44 403
15 54 462
16 67 543
0 0 10
1 0 20
2 1 30
3 1 45
4 2 62
5 3 72
6 3 82
7 4 92
8 6 108
9 7 118
10 8 128
11 9 138
12 13 168
13 20 219
14 32 298
15 43 364
16 51 412
0 0 10
1 0 20
2 0 30
3 1 40
4 1 50
5 2 60
6 3 70
7 5 96
8 6 106
9 8 132
10 9 142
11 14 178
12 22 238
13 36 338
14 45 398
15 55 459
16 66 521
0 0 10
1 0 20
2 1 30
3 2 51
4 2 61
5 4 86
6 4 96
7 5 106
8 6 116
9 7 126
10 9 146
11 13 173
12 16 200
13 18 210
14 24 250
15 34 310
16 45 376
0 0 10
1 0 20
2 0 30
3 1 40
4 1 50
5 2 60
6 4 87
7 5 97
8 6 107
9 8 129
10 9 139
11 13 168
12 14 178
13 23 238
14 32 295
15 42 357
16 53 419
0 0 10
1 1 20
2 1 30
3 1 40
4 2 50
5 3 60
6 3 70
7 5 93
8 6 103
9 8 124
10 9 134
11 11 144
12 17 189
13 26 255
14 35 313
15 45 372
16 61 469
0 0 10
1 1 24
2 1 34
3 2 54
4 2 64
5 3 74
6 4 87
7 5 97
8 6 107
9 7 117
10 14 176
11 23 256
12 30 311
13 40 373
14 48 426
15 58 486
16 68 545
0 0 10
1 0 20
2 1 30
3 1 40
4 2 50
5 2 60
6 3 70
7 4 80
8 5 90
9 6 100
10 7 110
11 8 120
12 9 130
13 15 172
14 17 182
15 26 241
16 38 305
0 0 10
1 0 20
2 0 30
3 1 40
4 1 50
5 2 60
6 2 70
7 3 80
8 4 90
9 5 100
10 6 110
11 12 155
12 13 165
13 15 175
14 24 237
15 36 309
16 45 364
0 0 10
1 1 20
2 1 30
3 1 40
4 2 50
5 3 67
6 4 77
7 4 87
8 4 97
9 8 136
10 10 151
11 14 180
12 15 190
13 22 240
14 24 250
15 33 308
16 44 370
0 0 10
1 0 20
2 0 30
3 1 40
4 2 69
5 3 79
6 4 89
7 4 99
8 5 109
9 9 147
10 10 157
11 12 167
12 13 177
13 14 187
14 23 245
15 34 311
16 43 366
0 0 10
1 0 20
2 0 30
3 1 40
4 1 50
5 2 60
6 2 70
7 4 103
8 6 121
9 9 153
10 10 163
11 13 186
12 17 219
13 25 270
14 36 347
15 46 405
16 57 470
0 0 10
1 0 20
2 1 30
3 1 40
4 2 50
5 2 60
6 3 70
7 4 80
8 5 90
9 6 100
10 7 110
11 8 120
12 9 130
13 10 140
14 19 201
15 29 259
16 38 314
0 0 10
1 1 20
2 1 30
3 1 40
4 2 50
5 2 60
6 3 70
7 4 80
8 5 90
9 6 100
10 7 110
11 11 141
12 12 151
13 17 184
14 26 243
15 40 331
16 50 386
0 0 10
1 1 23
2 1 33
3 1 43
4 2 53
5 2 63
6 5 94
7 9 149
8 16 220
9 23 290
10 31 360
11 38 422
12 49 505
13 63 601
14 78 700
15 87 760
16 101 836
0 0 10
1 0 20
2 1 30
3 1 42
4 2 52
5 2 62
6 4 85
7 5 95
8 6 105
9 7 115
10 10 145
11 11 155
12 16 186
13 23 240
14 32 297
15 44 370
16 54 430
0 0 10
1 0 20
2 1 30
3 1 40
4 2 50
5 3 66
6 3 76
7 4 86
8 8 123
9 9 133
10 11 152
11 18 206
12 26 271
13 35 332
14 49 421
15 60 488
16 74 570
0 1 10
1 1 20
2 1 35
3 2 45
4 4 93
5 5 103
6 5 113
7 9 154
8 10 164
9 16 222
10 22 278
11 30 337
12 41 425
13 50 486
14 62 562
15 72 623
16 82 684
0 0 10
1 0 20
2 0 30
3 1 53
4 2 63
5 2 73
6 3 83
7 4 93
8 5 103
9 6 117
10 7 127
11 9 137
12 10 147
13 12 163
14 20 215
15 30 278
16 40 336
0 0 10
1 0 23
2 0 33
3 1 43
4 2 71
5 6 122
6 7 141
7 8 151
8 9 167
9 10 177
10 12 193
11 18 245
12 26 300
13 29 324
14 39 389
15 49 451
16 61 518
0 0 10
1 1 42
2 1 52
3 2 62
4 2 76
5 6 139
6 11 200
7 15 257
8 24 348
9 33 435
10 41 512
11 49 570
12 57 630
13 64 684
14 73 741
15 82 795
16 93 858
0 0 10
1 1 49
2 2 64
3 2 74
4 2 84
5 4 107
6 8 161
7 15 252
8 21 310
9 28 385
10 35 444
11 41 495
12 49 554
13 58 614
14 71 699
15 80 757
16 91 820
0 0 10
1 1 20
2 1 30
3 1 40
4 2 50
5 2 60
6 3 70
7 4 80
8 6 107
9 7 117
10 13 174
11 20 234
12 28 290
13 37 354
14 45 406
15 55 467
16 69 546
0 0 10
1 1 20
2 1 30
3 1 40
4 2 50
5 3 60
6 3 70
7 4 80
8 6 98
9 7 108
10 8 118
11 16 178
12 30 287
13 40 352
14 50 420
15 59 474
16 68 528
0 0 10
1 1 20
2 1 30
3 1 40
4 2 50
5 2 60
6 3 70
7 4 80
8 6 104
9 7 114
10 8 124
11 10 134
12 13 158
13 14 168
14 16 178
15 25 232
16 35 289
0 1 10
1 1 20
2 1 30
3 2 40
4 2 50
5 3 60
6 3 70
7 4 80
8 5 90
9 6 100
10 8 117
11 11 137
12 12 147
13 13 157
14 21 209
15 31 271
16 42 334
0 0 10
1 0 20
2 1 30
3 1 49
4 2 72
5 3 82
6 6 118
7 7 128
8 9 152
9 12 186
10 14 199
11 17 225
12 22 264
13 23 274
14 25 284
15 32 325
16 41 377
0 0 10
1 0 20
2 1 30
3 1 40
4 2 50
5 2 60
6 4 85
7 6 106
8 7 116
9 8 128
10 9 138
11 11 148
12 16 190
13 18 200
14 21 221
15 29 269
16 39 331
0 0 10
1 0 20
2 0 30
3 1 44
4 1 54
5 2 64
6 3 74
7 3 84
8 7 122
9 8 132
10 9 142
11 10 152
12 12 162
13 15 184
14 24 242
15 37 322
16 48 383
0 0 10
1 0 20
2 0 30
3 1 57
4 2 77
5 3 87
6 4 101
7 5 111
8 6 121
9 7 136
10 8 146
11 10 156
12 11 166
13 18 217
14 27 272
15 37 334
16 55 439
0 0 10
1 0 20
2 0 30
3 1 40
4 1 50
5 2 60
6 2 70
7 4 102
8 5 112
9 6 122
10 8 143
11 10 153
12 11 163
13 13 173
14 14 183
15 23 236
16 33 295
0 0 10
1 0 20
2 0 30
3 1 40
4 1 50
5 2 60
6 2 70
7 3 80
8 4 90
9 5 100
10 6 110
11 10 142
12 12 152
13 13 162
14 23 226
15 31 276
16 45 358
0 0 10
1 1 20
2 1 48
3 1 58
4 1 68
5 2 78
6 3 88
7 4 98
8 5 108
9 7 128
10 14 191
11 21 249
12 27 293
13 44 411
14 56 490
15 66 552
16 76 608
0 0 10
1 0 20
2 0 30
3 1 40
4 1 50
5 2 60
6 4 92
7 5 102
8 6 118
9 8 145
10 9 155
11 11 165
12 12 175
13 13 185
14 18 216
15 28 273
16 38 331
0 0 10
1 0 20
2 0 30
3 1 40
4 1 50
5 2 60
6 3 70
7 5 95
8 6 111
9 7 121
10 9 133
11 10 143
12 19 208
13 30 286
14 42 365
15 53 430
16 62 481
0 0 10
1 0 20
2 0 30
3 1 40
4 1 50
5 3 85
6 4 95
7 6 119
8 8 143
9 10 163
10 12 173
11 14 195
12 17 212
13 26 277
14 35 336
15 50 425
16 59 479
0 0 10
1 1 20
2 1 44
3 2 54
4 2 64
5 3 74
6 4 84
7 5 94
8 6 113
9 9 136
10 13 172
11 14 182
12 20 227
13 21 237
14 31 298
15 42 364
16 51 421
0 0 10
1 0 20
2 0 30
3 1 40
4 2 76
5 2 86
6 3 96
7 4 106
8 5 116
9 6 126
10 13 190
11 14 200
12 20 244
13 21 254
14 31 314
15 40 374
16 49 423
0 0 10
1 0 20
2 1 30
3 1 40
4 2 50
5 2 60
6 3 70
7 6 106
8 7 116
9 8 126
10 15 188
11 22 244
12 31 313
13 39 369
14 50 439
15 59 498
16 71 564
0 0 10
1 0 20
2 0 30
3 1 40
4 2 66
5 4 96
6 5 106
7 6 116
8 8 139
9 10 160
10 13 185
11 14 195
12 15 205
13 20 240
14 22 250
15 28 286
16 37 340
0 0 10
1 0 20
2 0 30
3 2 75
4 3 85
5 3 95
6 7 144
7 11 194
8 16 247
9 24 325
10 31 396
11 37 441
12 45 500
13 53 561
14 62 625
15 72 685
16 82 741
0 0 10
1 0 25
2 1 35
3 1 45
4 2 55
5 2 65
6 3 81
7 8 132
8 13 194
9 19 249
10 28 332
11 35 389
12 45 460
13 54 526
14 63 584
15 73 643
16 87 725
0 0 10
1 0 20
2 1 30
3 1 40
4 2 50
5 2 60
6 3 70
7 4 80
8 8 128
9 9 138
10 11 151
11 17 204
12 28 286
13 37 347
14 46 405
15 57 475
16 66 526
0 0 10
1 1 20
2 1 30
3 1 45
4 2 55
5 3 65
6 3 75
7 4 85
8 5 95
9 6 105
10 11 145
11 12 155
12 14 173
13 22 227
14 30 278
15 40 342
16 51 406
0 0 10
1 0 20
2 0 30
3 1 40
4 1 50
5 2 60
6 2 70
7 3 80
8 4 90
9 5 100
10 8 128
11 10 138
12 11 148
13 21 215
14 31 283
15 42 349
16 49 392
0 0 10
1 0 20
2 0 30
3 1 40
4 1 50
5 2 60
6 3 70
7 3 80
8 4 90
9 5 100
10 6 110
11 10 136
12 11 146
13 12 156
14 19 202
15 28 256
16 37 309
0 0 10
1 0 20
2 1 38
3 1 51
4 2 61
5 2 71
6 3 81
7 4 91
8 7 124
9 8 134
10 9 144
11 10 154
12 18 214
13 20 224
14 21 234
15 31 291
16 46 379
0 0 10
1 1 20
2 1 30
3 1 40
4 2 50
5 3 60
6 3 70
7 4 80
8 9 135
9 10 145
10 17 208
11 25 274
12 33 334
13 46 421
14 60 512
15 71 578
16 79 627
0 0 10
1 1 20
2 1 30
3 2 47
4 2 57
5 3 67
6 4 83
7 5 93
8 7 121
9 9 139
10 10 149
11 12 159
12 13 169
13 14 179
14 21 220
15 26 251
16 30 277
0 0 10
1 0 20
2 1 30
3 1 40
4 2 50
5 2 60
6 4 82
7 6 107
8 7 117
9 8 127
10 12 160
11 15 185
12 16 195
13 17 205
14 27 265
15 36 324
16 46 381
0 1 10
1 1 20
2 1 30
3 1 40
4 2 56
5 3 70
6 5 92
7 6 102
8 7 116
9 9 135
10 11 157
11 13 170
12 14 180
13 21 224
14 31 291
15 41 356
16 53 424
0 0 10
1 0 20
2 0 30
3 1 40
4 1 50
5 3 69
6 3 79
7 4 89
8 5 99
9 8 126
10 9 136
11 14 177
12 16 187
13 17 197
14 23 235
15 31 286
16 42 350
0 0 10
1 0 20
2 0 30
3 1 40
4 1 50
5 2 60
6 3 70
7 4 86
8 6 103
9 8 123
10 9 133
11 12 157
12 13 167
13 15 177
14 24 234
15 37 318
16 50 390
0 0 10
1 0 20
2 1 30
3 1 40
4 3 69
5 3 79
6 4 89
7 5 99
8 6 109
9 7 119
10 8 129
11 10 144
12 13 171
13 22 234
14 32 298
15 41 352
16 53 419
0 0 10
1 0 20
2 0 30
3 1 40
4 2 57
5 3 87
6 4 97
7 5 107
8 6 117
9 7 127
10 8 137
11 9 147
12 12 165
13 16 196
14 26 258
15 35 312
16 46 376
0 0 10
1 0 20
2 1 37
3 1 47
4 2 57
5 3 76
6 4 86
7 5 99
8 6 109
9 7 119
10 8 129
11 9 139
12 17 196
13 25 255
14 34 315
15 44 372
16 55 436
0 0 10
1 0 20
2 1 30
3 2 52
4 2 62
5 4 95
6 5 105
7 8 149
8 9 159
9 10 169
10 12 179
11 13 189
12 14 199
13 16 215
14 26 275
15 36 340
16 46 398
0 0 10
1 0 20
2 1 30
3 1 40
4 2 50
5 2 60
6 4 85
7 5 95
8 7 115
9 13 179
10 21 245
11 33 340
12 42 414
13 54 496
14 64 563
15 74 624
16 86 691
0 0 10
1 1 20
2 1 30
3 1 40
4 2 50
5 3 60
6 3 70
7 4 83
8 7 112
9 10 136
10 11 146
11 12 159
12 15 178
13 16 188
14 26 248
15 44 360
16 58 437
0 0 10
1 0 20
2 0 30
3 0 40
4 1 50
5 2 74
6 3 84
7 4 94
8 5 104
9 6 114
10 7 130
11 9 145
12 11 155
13 19 215
14 32 294
15 43 361
16 53 419
0 0 10
1 0 20
2 0 30
3 1 40
4 1 50
5 2 60
6 3 70
7 5 99
8 7 122
9 10 147
10 11 157
11 12 167
12 14 177
13 15 187
14 17 197
15 19 212
16 31 281
0 0 10
1 0 20
2 0 30
3 1 40
4 1 50
5 2 60
6 2 70
7 4 88
8 5 98
9 11 162
10 20 236
11 27 295
12 36 365
13 44 423
14 54 486
15 63 541
16 76 617
0 0 10
1 0 20
2 0 30
3 2 79
4 6 141
5 9 205
6 14 264
7 19 331
8 25 400
9 33 488
10 40 545
11 48 614
12 57 685
13 66 744
14 73 791
15 87 876
16 96 931
0 1 10
1 1 20
2 1 30
3 2 45
4 3 69
5 3 79
6 3 89
7 6 123
8 7 133
9 8 143
10 10 159
11 11 169
12 18 221
13 29 298
14 38 359
15 47 415
16 57 473
0 0 10
1 1 20
2 1 30
3 1 40
4 2 50
5 2 60
6 3 70
7 7 122
8 9 136
9 10 146
10 15 195
11 27 289
12 34 343
13 44 418
14 53 474
15 63 534
16 73 596
0 0 10
1 0 20
2 0 30
3 1 40
4 1 50
5 2 60
6 6 116
7 10 164
8 15 225
9 21 282
10 28 341
11 36 407
12 43 462
13 52 528
14 62 587
15 72 649
16 81 705
0 0 10
1 0 20
2 0 30
3 1 40
4 1 50
5 2 60
6 3 78
7 4 88
8 5 98
9 7 118
10 8 128
11 9 138
12 11 148
13 16 183
14 17 193
15 19 203
16 27 253
0 0 10
1 0 20
2 0 30
3 1 40
4 1 50
5 2 60
6 4 88
7 5 105
8 10 154
9 18 239
10 25 297
11 33 362
12 46 459
13 55 525
14 65 586
15 75 648
16 85 705
0 0 10
1 1 20
2 1 30
3 3 71
4 3 81
5 4 96
6 5 106
7 6 116
8 7 126
9 8 136
10 9 146
11 10 156
12 18 214
13 27 275
14 35 326
15 51 423
16 62 488
0 0 10
1 0 20
2 1 30
3 1 40
4 2 50
5 3 70
6 4 80
7 6 109
8 7 119
9 8 129
10 9 139
11 12 162
12 13 172
13 15 182
14 16 192
15 27 255
16 36 309
0 0 10
1 0 20
2 1 30
3 1 40
4 3 73
5 3 83
6 4 93
7 5 103
8 7 119
9 9 147
10 11 157
11 12 167
12 21 232
13 28 284
14 41 364
15 50 419
16 66 510
0 0 10
1 0 20
2 0 30
3 1 40
4 2 65
5 4 94
6 5 104
7 5 114
8 10 167
9 16 218
10 27 317
11 34 374
12 42 434
13 51 498
14 60 556
15 71 619
16 88 716
