0 0 10 0
1 0 20 0
2 1 30 0
3 1 40 0
4 1 50 0
5 2 60 0
6 3 70 0
7 4 80 0
8 5 94 0
9 7 116 0
10 9 132 0
11 11 149 0
12 12 159 0
13 21 220 6.25
14 30 283 6.25
15 39 338 18.75
16 50 402 18.75
0 0 10 0
1 0 20 0
2 0 30 0
3 1 40 0
4 2 64 0
5 2 74 0
6 3 84 0
7 4 94 0
8 5 104 0
9 7 121 0
10 10 148 0
11 12 166 0
12 13 176 0
13 15 186 0
14 17 200 0
15 27 265 6.25
16 38 330 18.75
0 0 10 0
1 1 20 0
2 2 63 0
3 2 73 0
4 3 83 0
5 3 93 0
6 5 111 0
7 6 134 0
8 11 182 0
9 12 192 0
10 15 216 0
11 16 226 0
12 17 236 0
13 18 246 0
14 21 263 0
15 30 320 6.25
16 40 378 18.75
0 0 10 0
1 0 20 0
2 1 30 0
3 1 40 0
4 2 50 0
5 2 60 0
6 4 87 0
7 5 97 0
8 7 120 0
9 8 130 0
10 9 140 0
11 10 150 0
12 12 160 0
13 13 170 0
14 18 204 0
15 27 259 6.25
16 38 321 18.75
0 0 10 0
1 0 20 0
2 1 39 0
3 1 49 0
4 2 73 0
5 3 83 0
6 7 136 0
7 7 146 0
8 8 156 0
9 9 166 0
10 10 176 0
11 12 186 0
12 13 196 0
13 17 228 0
14 26 283 6.25
15 34 335 18.75
16 44 392 37.5
0 0 10 0
1 0 35 0
2 1 45 0
3 1 55 0
4 2 65 0
5 3 89 0
6 4 99 0
7 5 109 0
8 6 122 0
9 7 132 0
10 8 142 0
11 9 152 0
12 10 162 0
13 15 196 0
14 21 233 0
15 24 253 0
16 34 308 6.25
0 1 10 0
1 1 20 0
2 1 30 0
3 2 46 0
4 2 56 0
5 3 66 0
6 5 99 0
7 6 109 0
8 8 126 0
9 9 136 0
10 10 146 0
11 16 199 0
12 17 209 0
13 19 219 0
14 23 249 0
15 33 308 6.25
16 43 364 18.75
0 1 10 0
1 1 20 0
2 1 30 0
3 1 40 0
4 2 50 0
5 3 60 0
6 3 70 0
7 4 80 0
8 7 109 0
9 8 124 0
10 9 134 0
11 11 144 0
12 13 164 0
13 15 174 0
14 16 184 0
15 21 215 0
16 30 268 6.25
0 0 10 0
1 0 20 0
2 1 30 0
3 1 40 0
4 2 50 0
5 3 72 0
6 4 82 0
7 5 92 0
8 5 102 0
9 6 112 0
10 9 135 0
11 10 145 0
12 16 189 0
13 25 255 6.25
14 34 311 6.25
15 45 378 18.75
16 56 446 37.5
0 0 10 0
1 1 20 0
2 1 30 0
3 1 40 0
4 2 50 0
5 2 60 0
6 3 70 0
7 4 80 0
8 8 129 0
9 10 143 0
10 11 153 0
11 18 212 6.25
12 27 282 6.25
13 35 340 6.25
14 43 393 6.25
15 53 453 18.75
16 62 505 37.5
0 0 10 0
1 0 20 0
2 1 30 0
3 2 53 0
4 3 77 0
5 3 87 0
6 5 107 0
7 6 117 0
8 6 127 0
9 8 144 0
10 11 172 0
11 13 182 0
12 14 192 0
13 22 248 0
14 30 303 6.25
15 40 362 6.25
16 50 422 18.75
0 0 10 0
1 0 20 0
2 0 30 0
3 1 40 0
4 1 50 0
5 2 60 0
6 4 82 0
7 4 92 0
8 5 102 0
9 6 112 0
10 7 122 0
11 9 132 0
12 15 184 0
13 17 194 0
14 18 204 0
15 28 262 6.25
16 38 322 18.75
0 0 10 0
1 0 20 0
2 1 30 0
3 1 40 0
4 1 50 0
5 3 77 0
6 4 87 0
7 5 97 0
8 9 145 0
9 10 155 0
10 13 186 0
11 15 196 0
12 16 210 0
13 24 260 6.25
14 31 308 18.75
15 44 389 18.75
16 54 446 37.5
0 0 10 0
1 0 20 0
2 0 30 0
3 1 40 0
4 1 50 0
5 2 60 0
6 6 117 6.25
7 11 175 6.25
8 16 237 6.25
9 24 314 6.25
10 31 378 6.25
11 39 445 6.25
12 52 544 6.25
13 65 633 6.25
14 75 701 6.25
15 94 816 6.25
16 104 874 18.75
0 0 10 0
1 0 20 0
2 0 30 0
3 1 40 0
4 1 50 0
5 2 60 0
6 2 70 0
7 3 80 0
8 6 112 0
9 8 131 0
10 10 147 0
11 11 157 0
12 12 167 0
13 16 194 0
14 25 251 6.25
15 34 311 18.75
16 45 371 37.5
0 0 10 0
1 0 20 0
2 0 30 0
3 1 40 0
4 1 50 0
5 2 60 0
6 3 80 0
7 4 90 0
8 5 100 0
9 9 141 0
10 13 178 0
11 15 194 0
12 16 204 0
13 19 223 0
14 29 286 6.25
15 39 347 18.75
16 49 406 37.5
0 0 10 0
1 0 20 0
2 0 30 0
3 1 40 0
4 1 50 0
5 4 98 6.25
6 8 156 6.25
7 13 220 6.25
8 19 286 6.25
9 25 343 6.25
10 33 413 6.25
11 41 477 6.25
12 51 553 6.25
13 59 612 12.5
14 70 682 12.5
15 79 741 25
16 94 825 25
0 0 10 0
1 0 20 0
2 0 34 0
3 1 44 0
4 1 59 0
5 2 69 0
6 3 86 0
7 4 96 0
8 6 115 0
9 8 138 0
10 9 148 0
11 10 158 0
12 12 168 0
13 20 223 6.25
14 29 283 18.75
15 38 344 37.5
16 50 409 62.5
0 0 10 0
1 0 20 0
2 0 30 0
3 1 40 0
4 1 50 0
5 2 68 0
6 3 84 0
7 4 94 0
8 5 104 0
9 6 114 0
10 10 152 0
11 17 210 6.25
12 25 271 6.25
13 34 335 6.25
14 47 418 6.25
15 57 480 6.25
16 66 534 18.75
0 0 10 0
1 0 20 0
2 1 30 0
3 1 40 0
4 2 50 0
5 2 60 0
6 3 74 0
7 4 84 0
8 5 94 0
9 8 120 0
10 10 146 0
11 12 162 0
12 14 172 0
13 15 182 0
14 17 192 0
15 26 250 6.25
16 37 313 18.75
0 0 10 0
1 0 20 0
2 0 30 0
3 1 40 0
4 2 58 0
5 2 68 0
6 6 125 0
7 9 153 0
8 10 163 0
9 11 173 0
10 12 183 0
11 14 202 0
12 18 229 0
13 25 285 6.25
14 34 344 6.25
15 44 403 18.75
16 54 464 37.5
0 0 10 0
1 1 28 0
2 1 38 0
3 2 48 0
4 2 58 0
5 3 73 0
6 4 83 0
7 4 93 0
8 5 103 0
9 6 113 0
10 9 136 0
11 11 153 0
12 15 185 0
13 17 195 0
14 25 252 0
15 37 322 6.25
16 48 386 18.75
0 0 10 0
1 0 20 0
2 0 32 0
3 1 42 0
4 1 52 0
5 2 62 0
6 2 72 0
7 3 82 0
8 4 92 0
9 5 102 0
10 6 112 0
11 8 130 0
12 10 140 0
13 14 172 0
14 16 182 0
15 20 206 0
16 32 279 6.25
0 0 10 0
1 0 20 0
2 1 30 0
3 1 40 0
4 2 56 0
5 3 66 0
6 3 76 0
7 4 86 0
8 5 96 0
9 6 106 0
10 7 116 0
11 12 155 0
12 19 208 6.25
13 28 271 6.25
14 36 326 6.25
15 46 389 18.75
16 56 445 37.5
0 0 10 0
1 0 20 0
2 0 30 0
3 1 40 0
4 2 58 0
5 2 68 0
6 3 78 0
7 5 107 0
8 6 117 0
9 8 132 0
10 9 142 0
11 11 160 0
12 14 181 0
13 18 212 0
14 28 274 6.25
15 38 338 18.75
16 48 399 18.75
0 0 10 0
1 1 20 0
2 1 30 0
3 1 40 0
4 2 50 0
5 3 64 0
6 3 74 0
7 4 84 0
8 5 94 0
9 6 104 0
10 7 114 0
11 8 124 0
12 10 134 0
13 11 144 0
14 21 208 6.25
15 31 272 18.75
16 40 322 37.5
0 0 10 0
1 0 20 0
2 0 30 0
3 1 40 0
4 1 50 0
5 2 60 0
6 3 82 0
7 4 92 0
8 6 109 0
9 7 119 0
10 8 129 0
11 13 173 0
12 14 183 0
13 22 237 6.25
14 34 315 6.25
15 43 374 18.75
16 57 455 18.75
0 0 10 0
1 1 20 0
2 1 30 0
3 1 40 0
4 2 50 0
5 2 60 0
6 4 87 0
7 5 97 0
8 7 120 0
9 9 133 0
10 10 149 0
11 11 159 0
12 18 213 0
13 27 277 6.25
14 37 347 6.25
15 48 411 6.25
16 58 470 18.75
0 0 10 0
1 0 20 0
2 1 30 0
3 1 40 0
4 2 50 0
5 2 60 0
6 3 70 0
7 4 80 0
8 6 104 0
9 7 114 0
10 9 130 0
11 10 140 0
12 12 155 0
13 20 214 6.25
14 32 292 6.25
15 44 364 18.75
16 56 434 37.5
0 0 10 0
1 0 20 0
2 0 30 0
3 1 40 0
4 1 50 0
5 2 62 0
6 3 78 0
7 4 88 0
8 6 116 0
9 7 126 0
10 10 150 0
11 14 181 0
12 19 216 0
13 27 279 6.25
14 40 365 6.25
15 50 425 18.75
16 59 479 18.75
0 0 10 0
1 0 20 0
2 0 30 0
3 2 71 0
4 3 98 0
5 4 108 0
6 5 118 0
7 6 128 0
8 7 138 0
9 8 154 0
10 9 164 0
11 12 187 0
12 15 213 0
13 21 249 0
14 30 312 6.25
15 40 374 18.75
16 50 434 37.5
0 0 10 0
1 1 20 0
2 1 30 0
3 2 40 0
4 2 50 0
5 3 67 0
6 4 86 0
7 5 96 0
8 6 106 0
9 7 116 0
10 8 126 0
11 16 187 6.25
12 25 258 6.25
13 34 321 6.25
14 44 391 6.25
15 53 447 18.75
16 62 504 37.5
0 0 10 0
1 0 20 0
2 1 30 0
3 1 46 0
4 2 56 0
5 3 66 0
6 3 76 0
7 4 86 0
8 5 96 0
9 6 106 0
10 10 141 0
11 12 156 0
12 16 188 0
13 25 252 6.25
14 35 316 6.25
15 45 378 18.75
16 55 440 37.5
0 0 10 0
1 0 20 0
2 0 30 0
3 1 40 0
4 1 53 0
5 2 69 0
6 3 79 0
7 4 89 0
8 7 125 0
9 8 135 0
10 10 153 0
11 11 163 0
12 20 228 6.25
13 28 288 18.75
14 46 403 12.5
15 56 463 12.5
16 67 528 25
0 0 10 0
1 0 20 0
2 0 30 0
3 1 56 0
4 2 66 0
5 2 76 0
6 3 86 0
7 4 96 0
8 5 106 0
9 6 116 0
10 9 147 0
11 10 157 0
12 11 167 0
13 14 186 0
14 23 249 6.25
15 35 320 6.25
16 45 380 18.75
0 0 10 0
1 0 20 0
2 0 30 0
3 1 45 0
4 1 55 0
5 2 65 0
6 4 94 0
7 6 116 0
8 7 126 0
9 13 185 6.25
10 20 250 6.25
11 31 338 6.25
12 40 406 6.25
13 48 464 18.75
14 57 524 18.75
15 65 575 18.75
16 85 688 18.75
0 1 10 0
1 1 20 0
2 1 30 0
3 1 40 0
4 2 60 0
5 3 76 0
6 6 109 0
7 7 119 0
8 7 129 0
9 11 172 0
10 12 182 0
11 16 212 0
12 17 222 0
13 19 237 0
14 28 295 6.25
15 41 376 6.25
16 50 431 18.75
0 0 10 0
1 1 20 0
2 1 30 0
3 2 66 0
4 3 76 0
5 3 86 0
6 4 96 0
7 5 112 0
8 6 122 0
9 7 132 0
10 8 142 0
11 10 152 0
12 11 162 0
13 12 172 0
14 21 229 6.25
15 36 320 6.25
16 47 385 18.75
0 0 10 0
1 0 20 0
2 0 30 0
3 1 40 0
4 1 50 0
5 2 60 0
6 3 70 0
7 3 80 0
8 4 90 0
9 8 123 0
10 9 133 0
11 11 153 0
12 13 163 0
13 18 199 0
14 26 256 6.25
15 35 310 18.75
16 46 373 37.5
0 0 10 0
1 0 20 0
2 0 30 0
3 1 40 0
4 1 50 0
5 2 60 0
6 3 70 0
7 3 80 0
8 5 94 0
9 6 104 0
10 7 114 0
11 14 173 6.25
12 20 222 6.25
13 28 279 18.75
14 41 365 18.75
15 51 426 18.75
16 65 506 18.75
0 0 10 0
1 0 20 0
2 1 30 0
3 1 40 0
4 1 50 0
5 3 83 0
6 4 93 0
7 6 119 0
8 7 129 0
9 10 157 0
10 11 167 0
11 12 177 0
12 17 210 0
13 19 227 0
14 21 237 0
15 28 284 0
16 38 340 6.25
0 0 10 0
1 0 20 0
2 0 30 0
3 1 40 0
4 1 50 0
5 2 60 0
6 3 70 0
7 4 91 0
8 8 129 0
9 9 139 0
10 10 149 0
11 13 172 0
12 14 182 0
13 22 242 6.25
14 34 318 6.25
15 44 380 18.75
16 55 446 37.5
0 0 10 0
1 1 20 0
2 1 30 0
3 1 40 0
4 2 50 0
5 2 60 0
6 6 117 6.25
7 11 173 6.25
8 16 233 6.25
9 21 281 6.25
10 30 358 6.25
11 37 420 6.25
12 48 504 6.25
13 56 561 6.25
14 66 623 6.25
15 78 697 6.25
16 93 786 6.25
0 0 10 0
1 0 20 0
2 0 30 0
3 1 40 0
4 1 50 0
5 2 60 0
6 5 100 0
7 6 110 0
8 7 120 0
9 8 130 0
10 15 194 6.25
11 24 269 6.25
12 32 329 6.25
13 40 390 6.25
14 53 474 6.25
15 63 534 6.25
16 72 591 18.75
0 0 10 0
1 0 20 0
2 1 30 0
3 1 40 0
4 1 50 0
5 3 83 0
6 7 134 6.25
7 12 198 6.25
8 21 291 6.25
9 26 346 6.25
10 33 405 18.75
11 44 500 12.5
12 51 552 12.5
13 59 611 12.5
14 71 689 12.5
15 80 744 12.5
16 91 809 25
0 0 10 0
1 1 20 0
2 1 30 0
3 1 45 0
4 2 55 0
5 3 65 0
6 6 110 0
7 7 120 0
8 7 130 0
9 8 140 0
10 9 155 0
11 10 165 0
12 19 228 6.25
13 27 290 18.75
14 46 414 12.5
15 56 477 12.5
16 65 529 25
0 0 10 0
1 1 34 0
2 1 44 0
3 2 54 0
4 2 64 0
5 3 74 0
6 3 84 0
7 4 94 0
8 5 104 0
9 6 114 0
10 7 124 0
11 16 193 6.25
12 24 256 6.25
13 37 346 6.25
14 50 432 6.25
15 59 488 18.75
16 77 594 18.75
0 0 10 0
1 0 20 0
2 0 30 0
3 1 40 0
4 1 50 0
5 2 60 0
6 3 70 0
7 3 80 0
8 4 90 0
9 5 100 0
10 6 110 0
11 8 120 0
12 10 136 0
13 16 178 0
14 23 226 0
15 25 236 0
16 36 304 6.25
0 0 10 0
1 0 20 0
2 1 30 0
3 1 40 0
4 2 61 0
5 3 71 0
6 3 81 0
7 3 91 0
8 7 130 0
9 12 184 6.25
10 20 255 6.25
11 27 309 6.25
12 35 374 6.25
13 44 435 6.25
14 53 496 12.5
15 63 554 25
16 75 628 25
0 0 10 0
1 0 20 0
2 0 30 0
3 1 40 0
4 1 50 0
5 2 60 0
6 6 116 6.25
7 10 172 6.25
8 15 226 6.25
9 22 294 6.25
10 29 357 6.25
11 39 442 6.25
12 46 495 6.25
13 57 569 6.25
14 64 619 6.25
15 76 688 6.25
16 85 745 6.25
0 0 10 0
1 1 20 0
2 1 30 0
3 1 40 0
4 2 50 0
5 2 60 0
6 3 70 0
7 4 80 0
8 5 90 0
9 8 124 0
10 9 134 0
11 12 156 0
12 13 166 0
13 18 196 0
14 25 247 6.25
15 38 326 6.25
16 47 380 6.25
0 0 10 0
1 0 26 0
2 0 36 0
3 1 46 0
4 1 56 0
5 2 66 0
6 3 76 0
7 3 86 0
8 7 127 0
9 8 137 0
10 11 159 0
11 15 192 0
12 21 243 6.25
13 32 319 6.25
14 40 372 6.25
15 54 455 6.25
16 63 508 18.75
0 0 10 0
1 0 20 0
2 0 34 0
3 1 44 0
4 1 54 0
5 2 64 0
6 2 74 0
7 3 84 0
8 5 105 0
9 6 115 0
10 7 125 0
11 9 135 0
12 10 145 0
13 15 182 0
14 20 214 0
15 27 256 6.25
16 41 342 6.25
0 0 10 0
1 0 29 0
2 0 39 0
3 1 49 0
4 1 59 0
5 2 69 0
6 2 79 0
7 3 89 0
8 4 99 0
9 7 129 0
10 8 139 0
11 11 158 0
12 19 225 6.25
13 30 297 6.25
14 38 354 18.75
15 49 419 18.75
16 62 498 18.75
0 0 10 0
1 0 20 0
2 1 34 0
3 1 44 0
4 2 54 0
5 2 64 0
6 3 74 0
7 4 84 0
8 6 107 0
9 7 117 0
10 8 127 0
11 11 147 0
12 13 165 0
13 14 175 0
14 24 241 6.25
15 33 294 18.75
16 44 361 18.75
0 0 10 0
1 1 36 0
2 1 46 0
3 2 65 0
4 3 75 0
5 4 103 0
6 5 113 0
7 6 127 0
8 7 137 0
9 8 147 0
10 11 170 0
11 12 180 0
12 17 218 0
13 22 256 0
14 29 299 0
15 38 359 6.25
16 49 420 18.75
0 0 10 0
1 0 20 0
2 0 30 0
3 1 40 0
4 1 50 0
5 2 60 0
6 3 70 0
7 3 80 0
8 4 90 0
9 7 118 0
10 8 128 0
11 9 138 0
12 15 179 0
13 17 194 0
14 27 258 6.25
15 36 318 6.25
16 47 382 6.25
0 0 10 0
1 1 20 0
2 1 30 0
3 2 68 0
4 3 78 0
5 3 88 0
6 4 98 0
7 5 108 0
8 6 118 0
9 9 149 0
10 10 159 0
11 14 191 0
12 18 217 0
13 25 270 0
14 34 331 6.25
15 44 389 18.75
16 54 446 18.75
0 1 10 0
1 1 20 0
2 1 37 0
3 2 47 0
4 2 57 0
5 3 71 0
6 4 86 0
7 5 96 0
8 6 111 0
9 7 121 0
10 8 131 0
11 10 141 0
12 13 168 0
13 21 222 0
14 22 232 0
15 34 303 6.25
16 48 385 6.25
0 0 10 0
1 0 20 0
2 0 30 0
3 1 40 0
4 1 50 0
5 2 69 0
6 3 79 0
7 4 89 0
8 6 107 0
9 8 127 0
10 9 142 0
11 10 152 0
12 12 167 0
13 18 209 0
14 23 242 0
15 32 297 6.25
16 47 385 6.25
0 0 10 0
1 1 20 0
2 1 46 0
3 2 63 0
4 3 73 0
5 4 94 0
6 5 116 0
7 6 126 0
8 7 136 0
9 8 146 0
10 11 175 0
11 13 185 0
12 15 206 0
13 22 256 6.25
14 32 321 18.75
15 43 389 18.75
16 53 444 37.5
0 0 10 0
1 0 27 0
2 0 37 0
3 1 47 0
4 1 57 0
5 3 83 0
6 4 98 0
7 5 108 0
8 6 118 0
9 7 128 0
10 10 156 0
11 12 178 0
12 14 188 0
13 19 228 0
14 21 238 0
15 23 248 0
16 33 307 6.25
0 0 10 0
1 0 25 0
2 1 52 0
3 1 62 0
4 2 72 0
5 2 82 0
6 3 92 0
7 4 102 0
8 5 113 0
9 6 123 0
10 9 154 0
11 16 213 6.25
12 29 309 6.25
13 38 372 6.25
14 47 430 18.75
15 64 536 18.75
16 73 591 18.75
0 0 10 0
1 0 20 0
2 1 30 0
3 1 40 0
4 2 50 0
5 2 60 0
6 3 70 0
7 4 80 0
8 5 90 0
9 6 107 0
10 8 117 0
11 9 127 0
12 10 137 0
13 12 150 0
14 19 195 0
15 27 249 6.25
16 37 305 6.25
0 0 10 0
1 0 20 0
2 1 30 0
3 1 40 0
4 2 50 0
5 2 60 0
6 3 70 0
7 4 80 0
8 5 90 0
9 6 106 0
10 7 116 0
11 8 126 0
12 13 168 0
13 14 178 0
14 23 232 6.25
15 40 339 6.25
16 50 398 6.25
0 0 10 0
1 0 20 0
2 1 30 0
3 1 40 0
4 1 50 0
5 2 60 0
6 3 70 0
7 4 80 0
8 5 94 0
9 6 104 0
10 7 114 0
11 9 131 0
12 13 158 0
13 19 200 0
14 20 210 0
15 31 279 6.25
16 41 336 18.75
0 0 10 0
1 0 20 0
2 1 30 0
3 1 40 0
4 1 50 0
5 2 60 0
6 3 70 0
7 4 80 0
8 8 132 0
9 9 142 0
10 10 152 0
11 12 162 0
12 13 172 0
13 16 196 0
14 19 215 0
15 22 230 0
16 32 293 6.25
0 0 10 0
1 1 31 0
2 1 41 0
3 2 51 0
4 2 61 0
5 4 87 0
6 4 97 0
7 5 107 0
8 6 117 0
9 7 127 0
10 8 137 0
11 9 147 0
12 11 157 0
13 15 185 0
14 17 200 0
15 25 252 0
16 28 268 0
0 0 10 0
1 0 20 0
2 1 42 0
3 1 52 0
4 2 67 0
5 3 77 0
6 3 87 0
7 5 116 0
8 6 126 0
9 7 141 0
10 10 163 0
11 11 173 0
12 18 223 6.25
13 29 304 6.25
14 36 350 18.75
15 46 415 18.75
16 59 487 18.75
0 0 10 0
1 0 20 0
2 0 30 0
3 1 40 0
4 1 50 0
5 2 60 0
6 3 70 0
7 3 80 0
8 4 90 0
9 7 120 0
10 8 130 0
11 12 156 0
12 14 178 0
13 16 188 0
14 26 255 6.25
15 36 316 6.25
16 47 383 6.25
0 0 10 0
1 1 20 0
2 1 30 0
3 1 40 0
4 2 50 0
5 2 60 0
6 3 70 0
7 4 80 0
8 5 90 0
9 6 100 0
10 7 110 0
11 8 120 0
12 10 130 0
13 17 181 6.25
14 24 232 18.75
15 38 317 18.75
16 48 373 37.5
0 0 10 0
1 0 30 0
2 1 40 0
3 1 50 0
4 1 60 0
5 2 70 0
6 3 80 0
7 4 90 0
8 5 109 0
9 6 119 0
10 12 168 0
11 15 193 0
12 16 203 0
13 25 265 6.25
14 34 323 6.25
15 44 384 6.25
16 54 446 18.75
0 0 10 0
1 0 20 0
2 1 30 0
3 1 40 0
4 2 50 0
5 4 84 0
6 4 94 0
7 8 134 0
8 9 144 0
9 10 154 0
10 11 164 0
11 12 174 0
12 14 193 0
13 16 203 0
14 19 226 0
15 30 290 6.25
16 40 351 18.75
0 0 10 0
1 0 20 0
2 0 30 0
3 1 40 0
4 2 56 0
5 2 68 0
6 3 85 0
7 5 100 0
8 6 110 0
9 7 120 0
10 8 134 0
11 9 144 0
12 17 202 6.25
13 25 260 6.25
14 33 312 18.75
15 43 371 18.75
16 59 465 18.75
0 0 10 0
1 0 20 0
2 1 30 0
3 1 40 0
4 2 67 0
5 3 77 0
6 4 87 0
7 5 97 0
8 5 107 0
9 6 117 0
10 8 127 0
11 9 137 0
12 11 151 0
13 15 182 0
14 23 237 6.25
15 34 305 6.25
16 48 384 6.25
0 0 10 0
1 1 28 0
2 1 38 0
3 1 48 0
4 2 58 0
5 3 74 0
6 4 84 0
7 6 109 0
8 6 119 0
9 7 129 0
10 10 154 0
11 11 164 0
12 14 185 0
13 16 195 0
14 17 205 0
15 26 262 6.25
16 36 317 6.25
0 0 10 0
1 0 20 0
2 0 30 0
3 1 50 0
4 2 60 0
5 2 70 0
6 3 80 0
7 4 90 0
8 5 100 0
9 6 110 0
10 7 120 0
11 11 156 0
12 15 183 0
13 17 202 0
14 26 257 6.25
15 39 341 6.25
16 49 399 18.75
0 1 10 0
1 2 59 0
2 2 69 0
3 2 79 0
4 3 89 0
5 3 99 0
6 4 109 0
7 5 119 0
8 7 137 0
9 9 160 0
10 11 184 0
11 14 213 0
12 15 223 0
13 19 250 0
14 24 279 0
15 33 340 6.25
16 43 395 6.25
0 0 10 0
1 0 20 0
2 1 35 0
3 1 45 0
4 1 55 0
5 2 65 0
6 4 93 0
7 5 103 0
8 6 113 0
9 7 123 0
10 8 133 0
11 12 163 0
12 18 210 0
13 19 220 0
14 21 230 0
15 26 263 0
16 36 318 6.25
0 0 10 0
1 0 20 0
2 0 30 0
3 1 45 0
4 1 55 0
5 2 65 0
6 3 75 0
7 4 85 0
8 5 104 0
9 8 126 0
10 11 153 0
11 19 222 6.25
12 27 285 6.25
13 37 351 6.25
14 44 401 6.25
15 53 458 6.25
16 64 518 6.25
0 0 10 0
1 0 20 0
2 1 30 0
3 1 40 0
4 2 50 0
5 2 60 0
6 3 70 0
7 4 80 0
8 6 100 0
9 10 144 0
10 11 154 0
11 12 164 0
12 14 179 0
13 23 241 6.25
14 32 297 18.75
15 42 358 18.75
16 52 418 37.5
0 0 10 0
1 0 20 0
2 1 36 0
3 1 46 0
4 2 56 0
5 2 66 0
6 3 76 0
7 5 98 0
8 6 108 0
9 8 133 0
10 11 160 0
11 13 173 0
12 14 183 0
13 16 193 0
14 18 209 0
15 28 268 6.25
16 37 326 18.75
0 0 10 0
1 0 20 0
2 0 30 0
3 1 40 0
4 2 68 0
5 3 84 0
6 4 94 0
7 4 104 0
8 6 122 0
9 7 132 0
10 8 142 0
11 9 152 0
12 12 168 0
13 19 219 6.25
14 28 277 6.25
15 38 341 18.75
16 48 399 18.75
0 0 10 0
1 0 20 0
2 0 30 0
3 1 40 0
4 1 50 0
5 2 60 0
6 3 70 0
7 3 80 0
8 3 90 0
9 4 100 0
10 6 114 0
11 7 124 0
12 11 155 0
13 14 174 0
14 22 230 6.25
15 32 290 18.75
16 43 354 18.75
0 0 10 0
1 1 20 0
2 1 30 0
3 1 40 0
4 2 50 0
5 2 60 0
6 3 70 0
7 4 80 0
8 5 90 0
9 6 100 0
10 8 118 0
11 11 146 0
12 19 208 6.25
13 28 272 6.25
14 37 332 18.75
15 54 436 18.75
16 65 496 37.5
0 0 10 0
1 0 20 0
2 0 30 0
3 1 40 0
4 2 61 0
5 3 81 0
6 4 91 0
7 4 101 0
8 5 111 0
9 12 173 6.25
10 19 237 6.25
11 27 305 6.25
12 36 375 6.25
13 44 429 6.25
14 54 496 6.25
15 64 556 18.75
16 76 630 18.75
0 0 10 0
1 1 20 0
2 1 30 0
3 1 40 0
4 2 50 0
5 3 60 0
6 3 70 0
7 5 97 0
8 11 154 6.25
9 17 216 6.25
10 24 281 6.25
11 31 342 6.25
12 42 421 6.25
13 49 474 6.25
14 59 539 18.75
15 73 622 18.75
16 91 727 18.75
0 0 10 0
1 0 20 0
2 0 30 0
3 1 40 0
4 1 50 0
5 2 60 0
6 5 98 0
7 5 108 0
8 6 118 0
9 7 128 0
10 8 138 0
11 12 172 0
12 17 203 0
13 18 213 0
14 21 231 0
15 30 287 6.25
16 47 390 6.25
0 1 10 0
1 1 20 0
2 1 30 0
3 1 40 0
4 1 50 0
5 2 60 0
6 2 70 0
7 4 86 0
8 5 96 0
9 6 106 0
10 10 146 0
11 16 196 6.25
12 26 271 6.25
13 34 331 6.25
14 43 388 6.25
15 53 450 6.25
16 70 546 6.25
0 0 10 0
1 0 20 0
2 1 30 0
3 1 40 0
4 2 50 0
5 2 60 0
6 3 70 0
7 4 80 0
8 5 94 0
9 6 104 0
10 7 114 0
11 8 124 0
12 12 152 0
13 13 162 0
14 17 185 0
15 26 239 6.25
16 43 338 6.25
0 0 10 0
1 0 20 0
2 0 30 0
3 1 40 0
4 1 50 0
5 2 60 0
6 2 70 0
7 3 80 0
8 5 98 0
9 7 123 0
10 11 154 0
11 12 164 0
12 13 174 0
13 19 217 0
14 22 233 0
15 29 274 0
16 30 284 0
0 0 10 0
1 1 20 0
2 1 30 0
3 1 40 0
4 2 50 0
5 3 64 0
6 3 74 0
7 4 84 0
8 5 94 0
9 8 123 0
10 10 142 0
11 13 163 0
12 20 222 6.25
13 34 316 6.25
14 42 370 6.25
15 52 434 18.75
16 62 491 37.5
0 0 10 0
1 0 20 0
2 1 30 0
3 1 40 0
4 1 50 0
5 2 60 0
6 3 70 0
7 4 80 0
8 5 90 0
9 6 100 0
10 7 110 0
11 11 145 0
12 15 175 0
13 24 237 6.25
14 32 291 18.75
15 40 345 37.5
16 50 403 37.5
0 1 10 0
1 1 20 0
2 1 30 0
3 1 40 0
4 2 50 0
5 3 68 0
6 4 78 0
7 5 88 0
8 6 98 0
9 7 108 0
10 8 118 0
11 11 146 0
12 17 192 0
13 26 253 6.25
14 35 315 6.25
15 50 408 6.25
16 60 468 6.25
0 1 10 0
1 1 20 0
2 1 30 0
3 1 40 0
4 4 97 6.25
5 9 167 6.25
6 13 232 6.25
7 18 289 6.25
8 23 343 6.25
9 29 403 6.25
10 36 467 6.25
11 44 532 6.25
12 51 587 18.75
13 62 663 37.5
14 69 714 37.5
15 79 771 62.5
16 90 839 62.5
0 0 10 0
1 1 20 0
2 1 30 0
3 1 40 0
4 2 50 0
5 2 60 0
6 4 79 0
7 5 89 0
8 6 99 0
9 7 109 0
10 11 151 0
11 12 161 0
12 19 212 0
13 22 232 0
14 23 242 0
15 33 298 6.25
16 43 359 18.75
0 0 10 0
1 0 20 0
2 1 30 0
3 1 40 0
4 2 50 0
5 2 60 0
6 3 70 0
7 4 80 0
8 5 90 0
9 6 100 0
10 7 110 0
11 8 120 0
12 9 130 0
13 13 158 0
14 17 186 0
15 19 196 0
16 29 255 6.25
0 0 10 0
1 0 40 0
2 1 50 0
3 2 71 0
4 2 81 0
5 3 91 0
6 3 101 0
7 7 144 0
8 8 161 0
9 10 182 0
10 15 220 0
11 16 230 0
12 19 251 0
13 22 275 0
14 24 285 0
15 34 347 6.25
16 44 405 18.75
0 0 10 0
1 0 20 0
2 0 30 0
3 1 40 0
4 1 50 0
5 2 60 0
6 2 70 0
7 3 80 0
8 4 90 0
9 7 119 0
10 8 129 0
11 9 139 0
12 16 190 6.25
13 27 265 6.25
14 36 328 6.25
15 50 412 6.25
16 60 472 18.75
0 0 10 0
1 0 20 0
2 1 30 0
3 1 40 0
4 2 50 0
5 3 76 0
6 4 86 0
7 5 96 0
8 6 106 0
9 10 146 0
10 11 156 0
11 12 166 0
12 16 196 0
13 17 206 0
14 27 268 6.25
15 41 356 6.25
16 49 403 18.75
