0 0 10 0
1 0 20 0
2 0 30 0
3 1 40 0
4 1 50 0
5 2 60 0
6 3 70 0
7 3 80 0
8 4 90 0
9 5 100 0
10 7 110 0
11 9 128 0
12 10 138 0
13 15 175 0
14 20 206 0
15 22 216 0
16 35 290 6.25
0 0 10 0
1 1 20 0
2 1 30 0
3 1 40 0
4 2 50 0
5 3 60 0
6 3 70 0
7 4 80 0
8 6 99 0
9 8 124 0
10 11 144 0
11 16 188 6.25
12 33 317 6.25
13 46 404 6.25
14 57 477 18.75
15 65 524 37.5
16 76 589 37.5
0 1 10 0
1 1 20 0
2 1 30 0
3 2 40 0
4 2 50 0
5 3 70 0
6 4 80 0
7 5 90 0
8 6 100 0
9 7 110 0
10 14 172 6.25
11 30 305 6.25
12 50 457 6.25
13 60 526 6.25
14 78 639 6.25
15 85 684 12.5
16 96 746 12.5
0 0 10 0
1 0 27 0
2 1 37 0
3 1 47 0
4 1 57 0
5 2 67 0
6 3 85 0
7 4 95 0
8 5 105 0
9 7 122 0
10 9 140 0
11 11 159 0
12 12 169 0
13 21 227 6.25
14 34 311 6.25
15 44 377 6.25
16 57 453 6.25
0 0 10 0
1 0 20 0
2 0 30 0
3 1 40 0
4 1 50 0
5 2 69 0
6 7 132 6.25
7 16 242 6.25
8 26 358 6.25
9 34 430 6.25
10 45 526 6.25
11 59 643 6.25
12 72 745 12.5
13 87 848 12.5
14 112 1009 12.5
15 120 1061 25
16 132 1129 43.75
0 0 10 0
1 0 20 0
2 1 30 0
3 1 40 0
4 2 60 0
5 4 96 0
6 5 106 0
7 6 116 0
8 7 126 0
9 8 136 0
10 12 172 0
11 16 210 0
12 19 229 0
13 26 282 0
14 28 292 0
15 39 358 6.25
16 52 437 6.25
0 0 10 0
1 0 20 0
2 0 30 0
3 1 54 0
4 2 64 0
5 2 74 0
6 3 84 0
7 4 100 0
8 5 110 0
9 6 120 0
10 7 130 0
11 9 140 0
12 17 202 0
13 20 226 0
14 22 236 0
15 31 290 6.25
16 42 355 18.75
0 0 10 0
1 1 20 0
2 1 30 0
3 1 40 0
4 2 50 0
5 3 60 0
6 3 70 0
7 5 90 0
8 6 100 0
9 7 117 0
10 9 127 0
11 11 149 0
12 13 159 0
13 21 220 6.25
14 37 322 6.25
15 56 439 6.25
16 66 496 6.25
0 0 10 0
1 0 20 0
2 0 30 0
3 1 40 0
4 1 50 0
5 2 60 0
6 3 70 0
7 3 80 0
8 4 90 0
9 5 100 0
10 8 126 0
11 10 136 0
12 11 146 0
13 14 165 0
14 19 199 0
15 26 245 0
16 35 294 6.25
0 0 10 0
1 0 20 0
2 0 30 0
3 1 40 0
4 1 50 0
5 2 60 0
6 5 103 0
7 6 113 0
8 9 151 0
9 10 161 0
10 12 179 0
11 14 189 0
12 15 199 0
13 23 256 6.25
14 36 341 6.25
15 49 423 6.25
16 57 468 18.75
0 1 10 0
1 1 31 0
2 1 41 0
3 2 51 0
4 2 61 0
5 4 92 0
6 5 102 0
7 6 112 0
8 10 164 6.25
9 22 278 6.25
10 36 398 6.25
11 43 460 6.25
12 55 548 6.25
13 71 658 6.25
14 82 732 6.25
15 91 785 12.5
16 99 832 25
0 0 10 0
1 0 20 0
2 1 30 0
3 1 40 0
4 3 67 0
5 3 77 0
6 4 87 0
7 8 141 0
8 9 151 0
9 11 168 0
10 13 188 0
11 15 198 0
12 17 215 0
13 23 261 0
14 25 271 0
15 30 299 0
16 35 332 6.25
