0 0 10 0
1 0 20 0
2 1 30 0
3 1 40 0
4 2 50 0
5 2 60 0
6 3 70 0
7 4 80 0
8 5 90 0
9 7 110 0
10 12 160 0
11 13 170 0
12 29 290 6.25
13 46 410 18.75
14 80 630 12.5
15 102 770 12.5
16 123 890 25
0 0 10 0
1 0 20 0
2 1 30 0
3 1 40 0
4 2 50 0
5 2 60 0
6 3 70 0
7 4 80 0
8 5 90 0
9 6 100 0
10 7 110 0
11 9 130 0
12 10 140 0
13 16 180 0
14 21 210 0
15 40 330 6.25
16 73 520 6.25
0 0 10 0
1 0 20 0
2 0 30 0
3 1 40 0
4 1 50 0
5 2 60 0
6 5 100 0
7 8 140 0
8 10 160 0
9 11 170 0
10 12 180 0
11 16 210 0
12 17 220 0
13 23 260 0
14 24 270 0
15 44 390 6.25
16 73 560 6.25
0 0 10 0
1 1 20 0
2 1 30 0
3 2 50 0
4 2 60 0
5 3 70 0
6 3 80 0
7 4 90 0
8 5 100 0
9 6 110 0
10 7 120 0
11 10 140 0
12 11 150 0
13 18 200 0
14 26 250 0
15 45 370 6.25
16 66 490 6.25
0 0 10 0
1 0 20 0
2 1 30 0
3 1 40 0
4 2 50 0
5 2 60 0
6 3 70 0
7 4 80 0
8 5 90 0
9 6 100 0
10 7 110 0
11 10 140 0
12 12 150 0
13 29 270 0
14 30 280 0
15 50 400 6.25
16 75 550 6.25
0 0 10 0
1 0 20 0
2 0 30 0
3 1 40 0
4 2 60 0
5 3 70 0
6 3 80 0
7 6 110 0
8 7 120 0
9 8 130 0
10 9 140 0
11 10 150 0
12 11 160 0
13 28 280 6.25
14 51 430 6.25
15 70 550 18.75
16 91 670 37.5
0 0 10 0
1 0 20 0
2 1 30 0
3 1 40 0
4 3 70 0
5 3 80 0
6 5 100 0
7 5 110 0
8 8 140 0
9 9 150 0
10 11 170 0
11 15 200 0
12 31 320 6.25
13 52 470 6.25
14 70 590 6.25
15 91 720 6.25
16 112 840 18.75
0 0 10 0
1 0 20 0
2 1 40 0
3 1 50 0
4 2 60 0
5 3 70 0
6 3 80 0
7 4 90 0
8 5 100 0
9 6 110 0
10 8 130 0
11 11 150 0
12 19 210 0
13 20 220 0
14 23 240 0
15 26 260 0
16 47 380 6.25
0 0 10 0
1 0 20 0
2 0 30 0
3 0 40 0
4 0 50 0
5 2 80 0
6 3 90 0
7 3 100 0
8 4 110 0
9 5 120 0
10 8 140 0
11 9 150 0
12 10 160 0
13 12 170 0
14 18 210 0
15 21 230 0
16 41 350 6.25
0 0 10 0
1 0 20 0
2 0 30 0
3 1 40 0
4 1 50 0
5 2 60 0
6 3 70 0
7 4 90 0
8 5 100 0
9 7 120 0
10 8 130 0
11 9 140 0
12 11 150 0
13 15 180 0
14 21 220 0
15 29 270 0
16 50 390 6.25
0 0 10 0
1 0 20 0
2 1 30 0
3 1 40 0
4 1 50 0
5 2 70 0
6 2 80 0
7 3 90 0
8 4 100 0
9 6 120 0
10 7 130 0
11 8 140 0
12 24 260 0
13 26 270 0
14 44 390 6.25
15 63 510 18.75
16 103 740 12.5
0 0 10 0
1 1 30 0
2 1 40 0
3 1 50 0
4 2 60 0
5 3 70 0
6 3 80 0
7 4 90 0
8 5 100 0
9 6 110 0
10 9 140 0
11 11 150 0
12 14 180 0
13 16 190 0
14 19 210 0
15 29 270 0
16 49 390 6.25
0 1 10 0
1 1 20 0
2 1 30 0
3 1 40 0
4 3 70 0
5 4 80 0
6 4 90 0
7 6 110 0
8 7 120 0
9 9 140 0
10 11 160 0
11 13 180 0
12 15 200 0
13 29 300 0
14 44 400 0
15 48 420 0
16 68 540 6.25
0 0 10 0
1 0 20 0
2 0 30 0
3 1 40 0
4 1 50 0
5 2 60 0
6 2 70 0
7 3 80 0
8 4 90 0
9 10 150 0
10 11 160 0
11 19 220 0
12 20 230 0
13 37 350 6.25
14 72 580 6.25
15 91 700 6.25
16 112 820 18.75
0 0 10 0
1 0 20 0
2 1 30 0
3 1 40 0
4 2 60 0
5 3 70 0
6 5 100 0
7 6 120 0
8 7 130 0
9 9 150 0
10 10 160 0
11 12 170 0
12 13 180 0
13 14 190 0
14 32 310 6.25
15 52 430 6.25
16 72 550 18.75
0 0 10 0
1 0 20 0
2 0 30 0
3 1 40 0
4 2 60 0
5 2 70 0
6 4 90 0
7 5 100 0
8 7 120 0
9 8 130 0
10 9 140 0
11 10 150 0
12 11 160 0
13 14 180 0
14 17 200 0
15 28 270 0
16 49 390 6.25
0 0 10 0
1 0 20 0
2 1 30 0
3 1 40 0
4 2 50 0
5 2 60 0
6 3 70 0
7 4 80 0
8 5 90 0
9 6 100 0
10 7 110 0
11 10 140 0
12 12 150 0
13 15 170 0
14 16 180 0
15 18 190 0
16 30 260 0
0 0 10 0
1 0 20 0
2 1 30 0
3 1 40 0
4 2 50 0
5 2 60 0
6 3 70 0
7 6 110 0
8 7 120 0
9 8 130 0
10 9 140 0
11 10 150 0
12 16 190 0
13 17 200 0
14 28 270 0
15 29 280 0
16 50 400 6.25
0 0 10 0
1 1 20 0
2 1 30 0
3 1 40 0
4 2 50 0
5 3 70 0
6 4 90 0
7 5 100 0
8 6 110 0
9 8 130 0
10 9 140 0
11 10 150 0
12 12 160 0
13 15 180 0
14 18 200 0
15 27 260 0
16 48 380 6.25
0 0 10 0
1 1 20 0
2 1 30 0
3 1 40 0
4 2 50 0
5 2 60 0
6 3 70 0
7 4 80 0
8 5 90 0
9 6 100 0
10 10 140 0
11 25 260 6.25
12 41 380 18.75
13 84 690 12.5
14 103 810 12.5
15 128 970 12.5
16 149 1090 25
0 1 10 0
1 1 20 0
2 1 30 0
3 1 40 0
4 2 50 0
5 3 70 0
6 5 90 0
7 5 100 0
8 7 120 0
9 8 130 0
10 9 140 0
11 11 150 0
12 26 270 6.25
13 53 460 6.25
14 71 580 6.25
15 102 770 6.25
16 123 890 6.25
0 0 10 0
1 0 20 0
2 1 30 0
3 1 40 0
4 1 50 0
5 3 70 0
6 3 80 0
7 5 100 0
8 9 140 0
9 10 150 0
10 11 160 0
11 12 170 0
12 15 190 0
13 16 200 0
14 21 230 0
15 22 240 0
16 43 360 6.25
0 0 10 0
1 0 20 0
2 1 30 0
3 2 50 0
4 2 60 0
5 3 70 0
6 3 80 0
7 4 90 0
8 5 100 0
9 6 110 0
10 8 130 0
11 12 160 0
12 13 170 0
13 20 220 0
14 22 230 0
15 41 350 6.25
16 79 570 6.25
0 1 10 0
1 1 20 0
2 1 30 0
3 1 40 0
4 2 50 0
5 3 70 0
6 4 80 0
7 5 90 0
8 6 100 0
9 8 120 0
10 9 130 0
11 18 210 0
12 22 240 0
13 24 250 0
14 27 270 0
15 45 380 0
16 65 500 6.25
0 0 10 0
1 0 20 0
2 0 30 0
3 1 40 0
4 1 50 0
5 2 60 0
6 2 70 0
7 3 80 0
8 4 90 0
9 5 100 0
10 6 110 0
11 7 120 0
12 10 140 0
13 12 150 0
14 19 200 0
15 38 320 6.25
16 63 460 6.25
0 0 10 0
1 0 30 0
2 1 40 0
3 1 50 0
4 2 60 0
5 2 70 0
6 3 80 0
7 5 110 0
8 6 120 0
9 7 130 0
10 9 150 0
11 12 170 0
12 16 200 0
13 17 210 0
14 20 230 0
15 33 310 0
16 50 410 0
0 0 10 0
1 0 20 0
2 0 30 0
3 1 40 0
4 2 60 0
5 3 80 0
6 4 90 0
7 4 100 0
8 5 110 0
9 6 120 0
10 8 130 0
11 9 140 0
12 14 180 0
13 15 190 0
14 32 300 0
15 48 400 0
16 64 490 0
0 0 10 0
1 0 20 0
2 1 30 0
3 1 40 0
4 1 50 0
5 2 60 0
6 3 70 0
7 4 80 0
8 4 90 0
9 5 100 0
10 8 120 0
11 10 140 0
12 11 150 0
13 13 160 0
14 16 180 0
15 21 210 0
16 28 250 0
0 0 10 0
1 0 20 0
2 0 30 0
3 1 40 0
4 1 50 0
5 2 60 0
6 3 70 0
7 4 80 0
8 4 90 0
9 6 110 0
10 8 120 0
11 21 230 0
12 22 240 0
13 25 260 0
14 27 270 0
15 41 360 0
16 43 370 0
0 0 10 0
1 1 20 0
2 1 30 0
3 1 40 0
4 2 50 0
5 2 60 0
6 3 70 0
7 4 80 0
8 5 90 0
9 6 100 0
10 8 120 0
11 12 150 0
12 13 160 0
13 19 200 0
14 25 240 0
15 26 250 0
16 47 370 6.25
0 0 10 0
1 1 20 0
2 1 30 0
3 1 40 0
4 2 50 0
5 3 70 0
6 12 190 6.25
7 21 310 6.25
8 32 430 6.25
9 44 550 6.25
10 62 710 6.25
11 79 850 6.25
12 99 1000 6.25
13 116 1120 6.25
14 134 1240 6.25
15 163 1420 6.25
16 199 1630 6.25
0 0 10 0
1 1 20 0
2 1 30 0
3 1 40 0
4 2 50 0
5 3 60 0
6 3 70 0
7 6 100 0
8 7 120 0
9 8 130 0
10 11 150 0
11 12 160 0
12 15 180 0
13 19 210 0
14 32 300 0
15 52 420 6.25
16 78 570 6.25
0 0 10 0
1 0 30 0
2 1 40 0
3 2 60 0
4 2 70 0
5 3 80 0
6 4 100 0
7 5 110 0
8 6 120 0
9 7 130 0
10 11 170 0
11 12 180 0
12 15 200 0
13 18 220 0
14 36 340 6.25
15 57 470 6.25
16 78 590 18.75
0 0 10 0
1 1 20 0
2 1 30 0
3 1 40 0
4 2 50 0
5 3 70 0
6 4 80 0
7 5 100 0
8 9 140 0
9 10 150 0
10 11 160 0
11 14 180 0
12 16 200 0
13 18 210 0
14 28 280 0
15 38 340 0
16 58 460 6.25
0 0 10 0
1 0 20 0
2 1 30 0
3 1 40 0
4 1 50 0
5 2 60 0
6 3 70 0
7 4 80 0
8 5 90 0
9 6 100 0
10 7 110 0
11 10 140 0
12 12 150 0
13 13 160 0
14 15 170 0
15 27 250 0
16 33 280 0
0 0 10 0
1 0 20 0
2 1 30 0
3 1 40 0
4 1 50 0
5 3 70 0
6 3 80 0
7 5 100 0
8 7 120 0
9 17 220 0
10 26 300 0
11 27 310 0
12 28 320 0
13 30 330 0
14 39 390 0
15 55 490 0
16 76 610 6.25
0 0 10 0
1 0 20 0
2 1 30 0
3 2 50 0
4 3 70 0
5 3 80 0
6 4 90 0
7 5 100 0
8 6 110 0
9 8 130 0
10 9 140 0
11 11 160 0
12 12 170 0
13 21 230 0
14 24 250 0
15 26 260 0
16 46 380 6.25
0 0 10 0
1 0 20 0
2 0 30 0
3 1 40 0
4 1 50 0
5 2 60 0
6 3 80 0
7 4 90 0
8 5 100 0
9 6 110 0
10 7 120 0
11 8 130 0
12 11 150 0
13 12 160 0
14 14 170 0
15 16 180 0
16 22 220 0
0 0 10 0
1 0 30 0
2 1 40 0
3 1 50 0
4 2 70 0
5 3 80 0
6 3 90 0
7 4 100 0
8 5 110 0
9 6 120 0
10 7 130 0
11 10 150 0
12 11 160 0
13 18 210 0
14 29 280 0
15 38 340 0
16 57 450 0
0 0 10 0
1 1 70 0
2 1 80 0
3 2 90 0
4 2 100 0
5 3 120 0
6 4 130 0
7 5 140 0
8 6 150 0
9 11 200 0
10 13 220 0
11 18 260 0
12 21 280 0
13 30 350 0
14 32 360 0
15 34 370 0
16 54 490 6.25
0 0 10 0
1 0 20 0
2 0 30 0
3 1 40 0
4 2 60 0
5 2 70 0
6 4 100 0
7 7 130 0
8 8 150 0
9 11 180 0
10 12 190 0
11 13 200 0
12 14 210 0
13 17 230 0
14 35 350 6.25
15 66 540 6.25
16 102 750 6.25
0 0 10 0
1 1 30 0
2 1 40 0
3 1 50 0
4 2 60 0
5 2 70 0
6 3 80 0
7 4 90 0
8 5 100 0
9 9 140 0
10 10 150 0
11 11 160 0
12 15 190 0
13 24 250 0
14 33 310 0
15 52 430 6.25
16 73 550 18.75
0 0 10 0
1 0 20 0
2 1 30 0
3 1 40 0
4 2 60 0
5 3 70 0
6 4 90 0
7 5 100 0
8 6 110 0
9 7 120 0
10 8 130 0
11 20 230 0
12 32 320 0
13 33 330 0
14 42 390 0
15 48 430 0
16 50 440 0
0 0 10 0
1 0 20 0
2 1 30 0
3 1 40 0
4 2 50 0
5 2 60 0
6 3 70 0
7 4 80 0
8 5 90 0
9 6 100 0
10 8 120 0
11 19 210 0
12 23 240 0
13 25 260 0
14 40 360 0
15 43 380 0
16 55 450 0
0 1 10 0
1 1 20 0
2 1 30 0
3 1 40 0
4 2 50 0
5 3 60 0
6 3 70 0
7 5 90 0
8 8 120 0
9 9 130 0
10 12 160 0
11 14 180 0
12 16 190 0
13 30 290 0
14 45 390 0
15 47 400 0
16 67 520 6.25
0 0 10 0
1 0 30 0
2 1 60 0
3 2 80 0
4 3 90 0
5 3 100 0
6 4 110 0
7 5 120 0
8 6 130 0
9 7 140 0
10 8 150 0
11 10 170 0
12 12 180 0
13 13 190 0
14 16 210 0
15 18 220 0
16 38 340 6.25
0 0 10 0
1 0 20 0
2 0 30 0
3 1 40 0
4 1 50 0
5 2 60 0
6 3 80 0
7 4 90 0
8 5 100 0
9 6 110 0
10 7 120 0
11 8 130 0
12 10 140 0
13 11 150 0
14 22 220 0
15 23 230 0
16 39 320 0
0 0 10 0
1 1 20 0
2 1 30 0
3 1 40 0
4 2 50 0
5 2 60 0
6 3 70 0
7 4 80 0
8 5 90 0
9 7 110 0
10 8 120 0
11 12 150 0
12 14 170 0
13 16 180 0
14 29 270 0
15 49 390 6.25
16 81 580 6.25
0 0 10 0
1 0 30 0
2 1 40 0
3 1 50 0
4 1 60 0
5 2 70 0
6 3 90 0
7 4 100 0
8 5 110 0
9 8 140 0
10 9 150 0
11 24 270 6.25
12 41 400 6.25
13 58 520 6.25
14 90 730 6.25
15 119 910 6.25
16 139 1030 18.75
0 0 10 0
1 0 20 0
2 1 40 0
3 1 50 0
4 2 60 0
5 2 70 0
6 3 80 0
7 4 90 0
8 6 110 0
9 7 120 0
10 8 130 0
11 9 140 0
12 18 210 0
13 35 330 6.25
14 53 450 18.75
15 74 580 18.75
16 112 800 18.75
0 0 10 0
1 0 20 0
2 0 30 0
3 1 40 0
4 1 50 0
5 2 60 0
6 2 70 0
7 3 80 0
8 4 90 0
9 5 100 0
10 6 110 0
11 9 130 0
12 10 140 0
13 13 160 0
14 14 170 0
15 29 260 0
16 36 300 0
0 0 10 0
1 0 20 0
2 1 30 0
3 1 40 0
4 1 50 0
5 2 60 0
6 3 70 0
7 5 100 0
8 6 110 0
9 9 140 0
10 11 160 0
11 14 180 0
12 15 190 0
13 17 200 0
14 23 240 0
15 32 300 0
16 46 380 0
0 0 10 0
1 1 20 0
2 2 50 0
3 2 60 0
4 2 70 0
5 3 80 0
6 4 90 0
7 5 100 0
8 7 130 0
9 8 140 0
10 13 180 0
11 18 220 0
12 24 270 0
13 26 280 0
14 35 340 0
15 54 460 6.25
16 75 580 18.75
0 0 10 0
1 0 20 0
2 0 30 0
3 1 50 0
4 2 60 0
5 5 110 0
6 7 140 0
7 8 150 0
8 10 180 0
9 12 200 0
10 13 210 0
11 17 240 0
12 28 320 0
13 29 330 0
14 41 410 0
15 52 480 0
16 73 600 6.25
0 0 10 0
1 0 20 0
2 0 30 0
3 1 40 0
4 1 50 0
5 2 60 0
6 2 70 0
7 3 80 0
8 4 90 0
9 5 100 0
10 6 110 0
11 8 120 0
12 10 140 0
13 24 240 0
14 32 290 0
15 51 410 6.25
16 82 590 6.25
0 0 10 0
1 0 30 0
2 1 40 0
3 1 50 0
4 2 60 0
5 2 70 0
6 5 110 0
7 6 120 0
8 7 130 0
9 8 140 0
10 9 150 0
11 12 180 0
12 16 210 0
13 18 220 0
14 19 230 0
15 39 350 6.25
16 59 470 6.25
0 0 10 0
1 0 20 0
2 0 30 0
3 0 40 0
4 1 50 0
5 3 90 0
6 4 100 0
7 5 110 0
8 6 120 0
9 7 130 0
10 11 170 0
11 14 190 0
12 16 210 0
13 19 230 0
14 22 250 0
15 27 280 0
16 48 400 6.25
0 0 10 0
1 1 20 0
2 1 30 0
3 1 40 0
4 3 70 0
5 3 80 0
6 6 120 0
7 7 130 0
8 8 140 0
9 9 150 0
10 10 160 0
11 19 230 0
12 21 250 0
13 38 370 6.25
14 56 490 18.75
15 89 690 12.5
16 126 910 12.5
0 0 10 0
1 1 20 0
2 1 30 0
3 1 40 0
4 4 90 0
5 4 100 0
6 6 120 0
7 7 130 0
8 8 140 0
9 9 150 0
10 12 180 0
11 13 190 0
12 15 200 0
13 31 320 6.25
14 50 440 6.25
15 79 620 6.25
16 108 790 6.25
0 0 10 0
1 0 20 0
2 0 30 0
3 1 40 0
4 1 50 0
5 2 60 0
6 2 70 0
7 4 90 0
8 6 110 0
9 8 130 0
10 10 150 0
11 11 160 0
12 17 200 0
13 34 320 6.25
14 67 540 6.25
15 90 680 6.25
16 129 910 6.25
0 0 10 0
1 1 20 0
2 1 30 0
3 1 40 0
4 2 50 0
5 2 60 0
6 3 70 0
7 5 100 0
8 6 110 0
9 18 220 0
10 20 240 0
11 22 260 0
12 27 300 0
13 30 320 0
14 48 440 6.25
15 68 560 18.75
16 88 680 37.5
0 0 10 0
1 0 30 0
2 0 40 0
3 1 50 0
4 1 60 0
5 2 70 0
6 3 90 0
7 4 100 0
8 5 110 0
9 7 130 0
10 8 140 0
11 11 160 0
12 15 190 0
13 26 270 0
14 30 300 0
15 35 330 0
16 56 450 6.25
0 0 10 0
1 1 50 0
2 1 60 0
3 2 70 0
4 2 80 0
5 3 90 0
6 4 100 0
7 4 110 0
8 5 120 0
9 7 140 0
10 11 170 0
11 18 230 0
12 22 260 0
13 39 380 6.25
14 66 560 6.25
15 92 720 6.25
16 121 890 6.25
0 0 10 0
1 0 20 0
2 0 30 0
3 1 40 0
4 1 50 0
5 3 80 0
6 4 90 0
7 5 100 0
8 10 160 0
9 13 190 0
10 14 200 0
11 16 210 0
12 22 260 0
13 31 320 0
14 43 400 0
15 62 520 6.25
16 84 650 6.25
0 0 10 0
1 1 20 0
2 1 30 0
3 1 40 0
4 2 50 0
5 2 60 0
6 3 70 0
7 5 90 0
8 6 100 0
9 10 140 0
10 11 150 0
11 18 210 0
12 19 220 0
13 22 240 0
14 37 340 0
15 54 440 0
16 74 560 6.25
0 0 10 0
1 0 20 0
2 0 30 0
3 1 40 0
4 1 50 0
5 2 60 0
6 3 70 0
7 4 90 0
8 5 100 0
9 6 110 0
10 9 140 0
11 11 150 0
12 12 160 0
13 13 170 0
14 26 250 0
15 29 270 0
16 49 390 6.25
0 0 10 0
1 0 20 0
2 0 30 0
3 1 40 0
4 1 50 0
5 2 60 0
6 3 70 0
7 3 80 0
8 4 90 0
9 5 100 0
10 7 110 0
11 8 120 0
12 10 140 0
13 12 150 0
14 25 240 0
15 33 290 0
16 54 410 6.25
0 0 10 0
1 0 20 0
2 0 30 0
3 1 40 0
4 1 50 0
5 2 60 0
6 2 70 0
7 3 80 0
8 4 90 0
9 6 110 0
10 11 150 0
11 12 160 0
12 13 170 0
13 20 220 0
14 38 340 6.25
15 69 530 6.25
16 90 650 6.25
0 0 10 0
1 1 20 0
2 1 40 0
3 2 50 0
4 2 60 0
5 3 80 0
6 4 90 0
7 5 100 0
8 6 110 0
9 16 210 0
10 17 220 0
11 18 230 0
12 21 250 0
13 22 260 0
14 37 360 0
15 41 380 0
16 61 500 6.25
0 0 10 0
1 0 20 0
2 1 30 0
3 1 40 0
4 1 50 0
5 3 80 0
6 5 110 0
7 7 130 0
8 8 140 0
9 9 150 0
10 10 160 0
11 11 170 0
12 18 220 0
13 19 230 0
14 31 310 0
15 33 320 0
16 40 360 0
0 1 10 0
1 1 20 0
2 1 30 0
3 2 50 0
4 2 60 0
5 5 100 0
6 6 120 0
7 10 170 0
8 11 180 0
9 12 190 0
10 13 200 0
11 16 220 0
12 18 240 0
13 20 250 0
14 38 370 6.25
15 57 490 6.25
16 78 610 18.75
0 0 10 0
1 1 20 0
2 1 30 0
3 1 40 0
4 2 50 0
5 3 60 0
6 3 70 0
7 4 80 0
8 5 90 0
9 6 100 0
10 9 130 0
11 10 140 0
12 18 200 0
13 31 290 0
14 36 320 0
15 40 350 0
16 61 470 6.25
0 0 10 0
1 0 20 0
2 0 30 0
3 1 40 0
4 1 50 0
5 2 60 0
6 5 100 0
7 5 110 0
8 8 140 0
9 9 150 0
10 10 160 0
11 13 180 0
12 14 190 0
13 24 260 0
14 27 280 0
15 33 320 0
16 45 390 0
0 0 10 0
1 0 20 0
2 1 30 0
3 1 40 0
4 2 50 0
5 2 60 0
6 3 70 0
7 4 80 0
8 10 150 0
9 11 160 0
10 12 170 0
11 13 180 0
12 15 190 0
13 23 250 0
14 28 280 0
15 29 290 0
16 38 340 0
0 0 10 0
1 0 20 0
2 0 30 0
3 1 60 0
4 2 70 0
5 4 100 0
6 5 120 0
7 12 210 0
8 13 220 0
9 14 230 0
10 15 240 0
11 18 260 0
12 19 270 0
13 23 300 0
14 25 310 0
15 27 320 0
16 32 350 0
0 0 10 0
1 1 40 0
2 2 60 0
3 2 70 0
4 5 120 0
5 6 140 0
6 7 150 0
7 7 160 0
8 8 170 0
9 9 180 0
10 11 200 0
11 15 230 0
12 18 250 0
13 35 370 0
14 36 380 0
15 56 500 0
16 66 560 0
0 1 10 0
1 1 20 0
2 1 30 0
3 1 40 0
4 2 50 0
5 3 60 0
6 3 70 0
7 5 90 0
8 9 130 0
9 10 140 0
10 11 150 0
11 12 160 0
12 13 170 0
13 15 180 0
14 16 190 0
15 18 200 0
16 38 320 6.25
0 0 10 0
1 0 20 0
2 1 30 0
3 1 50 0
4 2 60 0
5 2 70 0
6 3 80 0
7 4 90 0
8 5 100 0
9 6 110 0
10 7 120 0
11 8 130 0
12 13 170 0
13 15 180 0
14 22 230 0
15 42 350 0
16 62 470 6.25
0 0 10 0
1 0 20 0
2 1 30 0
3 1 40 0
4 2 50 0
5 4 90 0
6 5 100 0
7 6 110 0
8 6 120 0
9 7 130 0
10 11 160 0
11 12 170 0
12 13 180 0
13 15 190 0
14 21 230 0
15 40 350 6.25
16 61 470 18.75
0 0 10 0
1 0 20 0
2 1 30 0
3 1 40 0
4 1 50 0
5 2 60 0
6 3 70 0
7 4 80 0
8 4 90 0
9 6 110 0
10 8 120 0
11 10 140 0
12 11 150 0
13 20 210 0
14 23 230 0
15 42 350 6.25
16 75 540 6.25
0 0 10 0
1 0 20 0
2 0 40 0
3 1 50 0
4 1 60 0
5 4 110 0
6 5 120 0
7 6 130 0
8 7 140 0
9 8 150 0
10 13 200 0
11 15 210 0
12 17 230 0
13 20 250 0
14 38 370 6.25
15 62 520 6.25
16 83 640 6.25
0 0 10 0
1 0 30 0
2 0 40 0
3 1 50 0
4 1 60 0
5 2 70 0
6 4 100 0
7 5 110 0
8 8 140 0
9 9 150 0
10 10 160 0
11 12 180 0
12 13 190 0
13 16 210 0
14 25 270 0
15 45 390 6.25
16 69 530 6.25
0 0 10 0
1 0 20 0
2 0 30 0
3 1 40 0
4 1 50 0
5 2 60 0
6 3 80 0
7 4 90 0
8 5 100 0
9 6 110 0
10 8 130 0
11 9 140 0
12 11 150 0
13 15 180 0
14 21 220 0
15 37 320 0
16 58 440 6.25
0 0 10 0
1 0 50 0
2 1 60 0
3 1 70 0
4 2 80 0
5 2 90 0
6 3 100 0
7 4 110 0
8 5 120 0
9 6 130 0
10 8 150 0
11 10 170 0
12 18 230 0
13 25 280 0
14 37 360 0
15 57 480 6.25
16 95 700 6.25
0 0 10 0
1 0 20 0
2 0 30 0
3 1 40 0
4 1 50 0
5 2 60 0
6 2 70 0
7 3 80 0
8 4 90 0
9 5 100 0
10 6 110 0
11 8 120 0
12 10 140 0
13 12 150 0
14 13 160 0
15 16 180 0
16 18 190 0
0 0 10 0
1 0 20 0
2 0 30 0
3 1 40 0
4 2 60 0
5 2 70 0
6 3 80 0
7 4 90 0
8 7 120 0
9 9 140 0
10 13 180 0
11 23 260 0
12 35 350 0
13 36 360 0
14 39 380 0
15 41 390 0
16 61 510 6.25
0 0 10 0
1 0 20 0
2 1 30 0
3 1 50 0
4 2 60 0
5 3 70 0
6 3 80 0
7 4 90 0
8 7 120 0
9 11 160 0
10 12 170 0
11 21 240 0
12 37 360 6.25
13 54 480 6.25
14 77 630 6.25
15 96 750 6.25
16 117 870 12.5
0 0 10 0
1 0 20 0
2 0 30 0
3 1 40 0
4 1 50 0
5 2 60 0
6 2 70 0
7 4 90 0
8 5 100 0
9 6 110 0
10 7 120 0
11 8 130 0
12 10 140 0
13 12 160 0
14 20 210 0
15 25 240 0
16 42 340 0
0 0 10 0
1 0 20 0
2 1 30 0
3 1 40 0
4 1 50 0
5 2 60 0
6 3 80 0
7 4 90 0
8 8 130 0
9 9 140 0
10 10 150 0
11 11 160 0
12 26 270 0
13 36 340 0
14 52 450 0
15 65 530 0
16 86 650 6.25
0 0 10 0
1 0 20 0
2 1 40 0
3 1 50 0
4 2 60 0
5 4 90 0
6 6 120 0
7 7 130 0
8 7 140 0
9 9 160 0
10 11 170 0
11 25 290 6.25
12 41 410 6.25
13 59 540 6.25
14 78 660 6.25
15 100 800 6.25
16 136 1010 6.25
0 0 10 0
1 1 30 0
2 1 40 0
3 1 50 0
4 3 80 0
5 4 90 0
6 4 100 0
7 6 120 0
8 7 130 0
9 17 230 0
10 19 250 0
11 24 290 0
12 25 300 0
13 39 400 0
14 41 410 0
15 60 530 6.25
16 81 650 6.25
0 0 10 0
1 0 20 0
2 1 30 0
3 1 40 0
4 1 50 0
5 2 60 0
6 5 100 0
7 6 110 0
8 7 120 0
9 8 130 0
10 10 150 0
11 11 160 0
12 12 170 0
13 14 180 0
14 18 210 0
15 22 230 0
16 25 250 0
0 0 10 0
1 0 20 0
2 1 30 0
3 1 40 0
4 1 50 0
5 3 70 0
6 4 90 0
7 5 100 0
8 6 110 0
9 10 150 0
10 11 160 0
11 16 200 0
12 17 210 0
13 28 290 0
14 35 340 0
15 55 460 6.25
16 75 580 6.25
0 1 10 0
1 1 20 0
2 1 30 0
3 2 40 0
4 2 50 0
5 3 60 0
6 3 70 0
7 4 80 0
8 6 100 0
9 8 120 0
10 9 130 0
11 16 190 0
12 17 200 0
13 20 220 0
14 33 310 0
15 43 370 0
16 55 440 0
0 0 10 0
1 1 20 0
2 1 40 0
3 2 50 0
4 2 60 0
5 3 70 0
6 3 80 0
7 4 90 0
8 6 110 0
9 9 140 0
10 11 160 0
11 12 170 0
12 13 180 0
13 16 200 0
14 34 320 0
15 53 440 6.25
16 74 560 6.25
0 0 10 0
1 0 20 0
2 0 40 0
3 1 50 0
4 1 60 0
5 2 70 0
6 3 80 0
7 4 100 0
8 5 110 0
9 6 120 0
10 7 130 0
11 10 150 0
12 11 160 0
13 15 190 0
14 30 290 0
15 50 410 6.25
16 79 580 6.25
0 0 10 0
1 0 20 0
2 1 30 0
3 1 40 0
4 2 50 0
5 2 60 0
6 3 70 0
7 4 80 0
8 5 90 0
9 7 110 0
10 8 120 0
11 11 150 0
12 17 190 0
13 18 200 0
14 20 210 0
15 31 280 0
16 38 320 0
0 0 10 0
1 0 20 0
2 0 30 0
3 1 40 0
4 1 50 0
5 2 60 0
6 3 70 0
7 3 80 0
8 4 90 0
9 5 100 0
10 8 120 0
11 9 130 0
12 13 160 0
13 17 190 0
14 21 220 0
15 26 250 0
16 40 330 0
0 0 10 0
1 0 20 0
2 0 30 0
3 1 40 0
4 1 50 0
5 2 60 0
6 3 70 0
7 3 80 0
8 4 90 0
9 5 100 0
10 6 110 0
11 8 120 0
12 10 140 0
13 27 260 6.25
14 46 380 18.75
15 67 510 18.75
16 89 640 18.75
0 0 10 0
1 1 20 0
2 1 30 0
3 1 40 0
4 2 50 0
5 2 60 0
6 4 80 0
7 5 90 0
8 7 120 0
9 9 140 0
10 13 170 0
11 14 180 0
12 15 190 0
13 17 200 0
14 21 230 0
15 24 250 0
16 45 370 0
