0 0 10 0
1 0 30 0
2 0 40 0
3 1 50 0
4 1 60 0
5 1 70 0
6 1 80 0
7 2 100 0
8 2 110 0
9 2 120 0
10 3 130 0
11 3 140 0
12 4 150 0
13 4 160 0
14 5 180 0
15 7 230 0
16 12 350 6.25
0 0 10 0
1 0 20 0
2 0 30 0
3 0 40 0
4 1 70 0
5 1 80 0
6 2 120 0
7 4 180 0
8 4 190 0
9 5 230 0
10 9 350 0
11 13 470 6.25
12 19 640 6.25
13 26 830 6.25
14 31 950 6.25
15 40 1140 6.25
16 48 1320 6.25
0 0 10 0
1 0 40 0
2 0 50 0
3 0 60 0
4 1 70 0
5 1 80 0
6 1 100 0
7 2 110 0
8 2 120 0
9 4 180 0
10 4 190 0
11 4 200 0
12 9 320 6.25
13 13 440 6.25
14 21 620 6.25
15 27 760 6.25
16 32 880 18.75
0 0 10 0
1 1 20 0
2 1 30 0
3 1 50 0
4 1 60 0
5 2 80 0
6 2 90 0
7 2 100 0
8 2 110 0
9 2 130 0
10 2 140 0
11 3 150 0
12 3 160 0
13 4 190 0
14 9 310 0
15 15 430 6.25
16 20 550 6.25
0 0 10 0
1 1 20 0
2 1 30 0
3 1 50 0
4 1 60 0
5 1 70 0
6 2 90 0
7 2 100 0
8 3 130 0
9 4 170 0
10 5 180 0
11 5 200 0
12 6 210 0
13 6 220 0
14 9 280 0
15 13 370 0
16 18 490 6.25
0 0 10 0
1 0 20 0
2 1 30 0
3 1 40 0
4 1 50 0
5 1 60 0
6 1 70 0
7 1 80 0
8 1 90 0
9 2 120 0
10 3 130 0
11 4 140 0
12 4 160 0
13 7 200 0
14 7 210 0
15 13 280 0
16 20 400 6.25
0 0 10 0
1 0 30 0
2 1 40 0
3 1 50 0
4 1 80 0
5 2 90 0
6 2 110 0
7 2 120 0
8 3 130 0
9 5 170 0
10 6 180 0
11 6 190 0
12 8 210 0
13 8 220 0
14 10 240 0
15 19 360 6.25
16 24 480 6.25
0 0 10 0
1 0 20 0
2 0 30 0
3 0 40 0
4 0 50 0
5 1 60 0
6 1 80 0
7 1 90 0
8 1 100 0
9 1 110 0
10 1 130 0
11 2 140 0
12 2 160 0
13 3 190 0
14 4 210 0
15 5 230 0
16 10 350 6.25
0 0 10 0
1 0 20 0
2 0 30 0
3 1 40 0
4 1 50 0
5 1 60 0
6 1 70 0
7 2 90 0
8 2 100 0
9 2 120 0
10 3 130 0
11 3 140 0
12 4 150 0
13 4 170 0
14 5 200 0
15 7 240 0
16 12 360 6.25
0 0 10 0
1 0 30 0
2 0 40 0
3 1 50 0
4 1 60 0
5 1 70 0
6 1 90 0
7 2 100 0
8 2 110 0
9 2 130 0
10 3 150 0
11 4 170 0
12 4 180 0
13 6 240 0
14 6 250 0
15 11 370 6.25
16 16 490 18.75
0 0 10 0
1 0 20 0
2 0 30 0
3 0 40 0
4 1 50 0
5 1 60 0
6 1 70 0
7 1 80 0
8 2 90 0
9 2 120 0
10 3 130 0
11 5 190 0
12 5 210 0
13 6 220 0
14 7 250 0
15 7 260 0
16 12 380 6.25
0 0 10 0
1 0 20 0
2 1 50 0
3 1 60 0
4 1 80 0
5 1 90 0
6 2 110 0
7 2 120 0
8 2 130 0
9 4 210 0
10 5 230 0
11 5 240 0
12 7 290 0
13 9 350 0
14 11 410 0
15 14 490 0
16 19 610 6.25
0 0 10 0
1 1 20 0
2 1 30 0
3 1 40 0
4 1 60 0
5 2 110 0
6 2 130 0
7 3 140 0
8 3 150 0
9 3 170 0
10 5 210 0
11 6 240 0
12 7 270 0
13 7 280 0
14 8 310 0
15 11 380 0
16 12 400 0
0 0 10 0
1 0 20 0
2 0 40 0
3 0 50 0
4 1 60 0
5 1 70 0
6 1 80 0
7 2 110 0
8 2 120 0
9 3 180 0
10 4 200 0
11 4 210 0
12 5 220 0
13 6 250 0
14 7 270 0
15 11 390 0
16 16 510 6.25
0 0 10 0
1 0 20 0
2 0 30 0
3 1 40 0
4 1 60 0
5 1 70 0
6 1 80 0
7 2 120 0
8 3 130 0
9 3 140 0
10 3 150 0
11 4 160 0
12 4 170 0
13 5 190 0
14 8 280 0
15 12 400 0
16 14 440 0
0 0 10 0
1 0 20 0
2 1 30 0
3 1 60 0
4 1 70 0
5 1 80 0
6 2 90 0
7 2 100 0
8 2 110 0
9 2 120 0
10 3 130 0
11 3 140 0
12 7 260 6.25
13 12 410 6.25
14 19 600 6.25
15 27 820 6.25
16 32 940 18.75
0 0 10 0
1 0 20 0
2 0 30 0
3 0 40 0
4 1 50 0
5 1 60 0
6 1 70 0
7 1 80 0
8 2 90 0
9 4 170 0
10 4 190 0
11 5 220 0
12 7 260 0
13 8 310 0
14 9 330 0
15 10 350 0
16 14 440 0
0 0 10 0
1 0 20 0
2 0 40 0
3 0 70 0
4 1 100 0
5 1 110 0
6 1 120 0
7 2 130 0
8 2 160 0
9 3 190 0
10 3 200 0
11 5 240 0
12 6 280 0
13 8 350 0
14 9 370 0
15 11 430 0
16 13 470 0
0 0 10 0
1 0 20 0
2 0 30 0
3 0 40 0
4 0 50 0
5 1 60 0
6 1 80 0
7 1 90 0
8 2 100 0
9 2 110 0
10 3 120 0
11 3 140 0
12 4 150 0
13 6 200 0
14 10 270 0
15 11 290 0
16 13 330 0
0 0 10 0
1 0 20 0
2 0 30 0
3 0 40 0
4 0 50 0
5 1 70 0
6 1 100 0
7 2 120 0
8 2 130 0
9 3 140 0
10 3 150 0
11 5 210 0
12 7 270 0
13 9 320 0
14 10 330 0
15 15 450 6.25
16 21 570 18.75
0 0 10 0
1 0 20 0
2 1 40 0
3 1 50 0
4 1 60 0
5 1 70 0
6 2 90 0
7 2 100 0
8 2 110 0
9 3 120 0
10 3 140 0
11 5 180 0
0 0 10 0
1 0 20 0
2 0 30 0
3 0 40 0
4 0 50 0
5 1 60 0
6 1 70 0
7 1 80 0
8 2 100 0
9 2 120 0
10 3 130 0
11 4 160 0
12 5 180 0
13 7 230 0
14 8 260 0
15 8 270 0
16 14 390 6.25
0 0 10 0
1 0 20 0
2 1 30 0
3 1 40 0
4 1 50 0
5 1 70 0
6 2 110 0
7 3 140 0
8 3 150 0
9 4 160 0
10 4 170 0
11 4 180 0
12 5 200 0
13 6 230 0
14 7 240 0
15 8 270 0
16 14 390 6.25
0 0 10 0
1 0 20 0
2 0 30 0
3 1 40 0
4 1 50 0
5 1 60 0
6 1 70 0
7 1 80 0
8 2 90 0
9 2 110 0
10 3 120 0
11 3 130 0
12 4 160 0
13 5 170 0
14 6 210 0
15 12 330 6.25
16 17 450 18.75
0 0 10 0
1 1 20 0
2 1 30 0
3 1 50 0
4 1 60 0
5 2 80 0
6 2 90 0
7 2 100 0
8 3 130 0
9 3 140 0
10 4 150 0
11 4 170 0
12 5 200 0
13 5 210 0
14 6 220 0
15 11 340 6.25
16 16 460 6.25
0 0 10 0
1 0 30 0
2 1 40 0
3 1 50 0
4 1 60 0
5 2 110 0
6 2 120 0
7 3 140 0
8 3 150 0
9 4 170 0
10 4 190 0
11 5 200 0
12 5 210 0
13 5 220 0
14 6 230 0
15 11 350 6.25
16 16 470 18.75
0 0 10 0
1 1 20 0
2 1 30 0
3 1 40 0
4 1 50 0
5 1 60 0
6 2 70 0
7 2 90 0
8 3 130 0
9 4 140 0
10 5 180 0
11 5 190 0
12 6 200 0
13 7 220 0
14 11 330 0
15 16 450 6.25
16 22 570 18.75
0 0 10 0
1 0 20 0
2 0 30 0
3 0 40 0
4 0 50 0
5 1 80 0
6 1 90 0
7 2 100 0
8 2 110 0
9 2 120 0
10 3 150 0
11 5 210 0
12 7 250 0
13 8 300 0
14 10 370 0
15 15 490 6.25
16 21 610 6.25
0 0 10 0
1 0 20 0
2 0 30 0
3 1 60 0
4 1 70 0
5 2 100 0
6 2 110 0
7 2 120 0
8 3 130 0
9 3 140 0
10 3 150 0
11 4 170 0
12 4 180 0
13 5 190 0
14 9 290 0
15 11 350 0
16 15 440 0
0 0 10 0
1 0 20 0
2 0 30 0
3 0 50 0
4 2 150 0
5 2 160 0
6 2 170 0
7 3 180 0
8 3 200 0
9 5 250 0
10 6 290 0
11 10 410 0
12 10 420 0
13 11 430 0
14 11 440 0
15 12 480 0
16 17 600 6.25
0 0 10 0
1 0 20 0
2 0 40 0
3 0 50 0
4 1 60 0
5 1 80 0
6 1 90 0
7 2 110 0
8 3 140 0
9 4 200 0
10 8 320 0
11 8 330 0
12 9 340 0
13 11 400 0
14 12 410 0
15 16 520 0
16 20 610 0
0 0 10 0
1 0 20 0
2 0 40 0
3 0 50 0
4 0 60 0
5 1 70 0
6 1 90 0
7 1 100 0
8 2 130 0
9 3 160 0
10 4 180 0
11 5 200 0
12 6 230 0
13 10 350 6.25
14 15 480 6.25
15 21 620 6.25
16 26 740 6.25
0 0 10 0
1 0 20 0
2 0 30 0
3 0 40 0
4 0 50 0
5 1 60 0
6 1 70 0
7 1 90 0
8 3 140 0
9 3 150 0
10 3 160 0
11 6 240 0
12 7 250 0
13 7 260 0
14 7 270 0
15 11 340 0
16 16 460 6.25
0 0 10 0
1 0 20 0
2 0 30 0
3 1 40 0
4 1 60 0
5 1 70 0
6 1 80 0
7 2 100 0
8 2 110 0
9 3 120 0
10 3 130 0
11 3 140 0
12 4 150 0
13 6 220 0
14 8 260 0
15 10 300 0
16 15 420 6.25
0 0 10 0
1 0 20 0
2 1 30 0
3 1 50 0
4 1 70 0
5 1 80 0
6 2 90 0
7 2 100 0
8 2 110 0
9 3 120 0
10 3 130 0
11 3 140 0
12 4 150 0
13 5 190 0
14 6 200 0
15 8 240 0
16 13 360 6.25
0 0 10 0
1 0 20 0
2 0 30 0
3 1 50 0
4 1 60 0
5 1 70 0
6 1 80 0
7 2 90 0
8 2 100 0
9 2 110 0
10 3 140 0
11 4 150 0
12 4 160 0
13 5 170 0
14 5 190 0
15 7 220 0
16 12 340 6.25
0 0 10 0
1 0 20 0
2 0 30 0
3 1 40 0
4 1 50 0
5 1 60 0
6 1 70 0
7 2 90 0
8 3 120 0
9 3 130 0
10 3 140 0
11 4 160 0
12 4 170 0
13 6 200 0
14 7 240 0
15 9 280 0
16 14 400 6.25
0 1 10 0
1 1 50 0
2 1 60 0
3 1 70 0
4 2 130 0
5 3 180 0
6 3 190 0
7 4 220 0
8 4 230 0
9 5 260 0
10 6 280 0
11 7 300 0
12 7 310 0
13 8 340 0
14 11 420 0
15 12 440 0
16 16 530 0
0 0 10 0
1 1 40 0
2 1 50 0
3 1 60 0
4 1 70 0
5 1 80 0
6 3 130 0
7 3 150 0
8 4 170 0
9 4 180 0
10 4 190 0
11 5 220 0
12 6 240 0
13 10 330 0
14 11 360 0
15 12 390 0
16 18 510 6.25
0 0 10 0
1 0 20 0
2 0 30 0
3 0 40 0
4 0 50 0
5 1 60 0
6 1 80 0
7 1 90 0
8 2 110 0
9 2 120 0
10 3 130 0
11 4 160 0
12 5 200 0
13 6 230 0
14 7 240 0
15 8 260 0
16 13 380 6.25
0 0 10 0
1 0 20 0
2 0 30 0
3 1 40 0
4 1 50 0
5 1 60 0
6 2 90 0
7 2 100 0
8 2 110 0
9 4 160 0
10 4 170 0
11 5 190 0
12 5 200 0
13 7 240 0
14 7 260 0
15 12 380 6.25
16 18 500 6.25
0 0 10 0
1 0 20 0
2 0 30 0
3 0 40 0
4 1 50 0
5 1 70 0
6 2 90 0
7 2 100 0
8 2 110 0
9 2 120 0
10 3 130 0
11 4 170 0
12 5 190 0
13 6 220 0
14 7 240 0
15 11 340 0
16 13 370 0
0 0 10 0
1 0 30 0
2 0 50 0
3 0 70 0
4 0 80 0
5 0 90 0
6 0 100 0
7 0 110 0
8 0 120 0
9 0 130 0
10 1 170 0
11 4 260 0
12 5 270 0
13 9 390 6.25
14 15 540 6.25
15 25 770 6.25
16 30 900 6.25
0 0 10 0
1 0 20 0
2 0 30 0
3 0 40 0
4 1 50 0
5 1 60 0
6 1 90 0
7 2 100 0
8 3 130 0
9 3 140 0
10 3 150 0
11 4 180 0
12 6 230 0
13 9 320 0
14 10 330 0
15 13 410 0
16 16 470 0
0 0 10 0
1 0 20 0
2 0 30 0
3 1 50 0
4 1 60 0
5 1 70 0
6 1 80 0
7 2 90 0
8 2 100 0
9 2 110 0
10 3 130 0
11 4 150 0
12 6 220 0
13 8 260 0
14 10 320 0
15 15 440 6.25
16 21 560 18.75
0 0 10 0
1 0 20 0
2 0 30 0
3 0 40 0
4 0 50 0
5 1 60 0
6 1 70 0
7 1 80 0
8 2 90 0
9 2 100 0
10 2 110 0
11 3 130 0
12 4 150 0
13 7 250 0
14 8 270 0
15 10 320 0
16 16 440 6.25
0 0 10 0
1 0 20 0
2 0 30 0
3 0 50 0
4 1 60 0
5 1 80 0
6 1 90 0
7 2 100 0
8 2 110 0
9 4 180 0
10 4 190 0
11 5 210 0
12 7 270 0
13 9 310 0
14 13 430 0
15 19 550 6.25
16 24 680 6.25
0 1 10 0
1 1 20 0
2 1 30 0
3 1 40 0
4 1 60 0
5 2 70 0
6 2 80 0
7 2 90 0
8 3 110 0
9 4 150 0
10 5 170 0
11 6 210 0
12 7 230 0
13 11 350 6.25
14 16 470 6.25
15 21 590 6.25
16 29 770 6.25
0 0 10 0
1 0 20 0
2 1 30 0
3 1 40 0
4 1 50 0
5 1 60 0
6 2 70 0
7 2 80 0
8 2 90 0
9 4 140 0
10 4 150 0
11 4 160 0
12 5 180 0
13 6 210 0
14 7 220 0
15 12 340 6.25
16 17 460 18.75
0 0 10 0
1 0 20 0
2 1 30 0
3 1 40 0
4 1 50 0
5 1 60 0
6 2 90 0
7 2 100 0
8 3 120 0
9 3 140 0
10 4 150 0
11 4 160 0
12 5 180 0
13 7 230 0
14 7 240 0
15 12 360 6.25
16 21 570 6.25
0 0 10 0
1 0 20 0
2 0 30 0
3 0 40 0
4 0 50 0
5 1 60 0
6 1 80 0
7 1 90 0
8 2 100 0
9 2 110 0
10 2 120 0
11 4 160 0
12 4 170 0
13 9 290 6.25
14 15 450 6.25
15 24 670 6.25
16 30 790 18.75
0 0 10 0
1 0 20 0
2 0 30 0
3 0 50 0
4 1 60 0
5 1 70 0
6 1 90 0
7 2 100 0
8 2 110 0
9 3 170 0
10 3 180 0
11 3 190 0
12 4 200 0
13 5 230 0
14 5 240 0
15 7 280 0
16 12 400 6.25
0 1 10 0
1 1 20 0
2 1 30 0
3 1 40 0
4 1 50 0
5 2 60 0
6 2 70 0
7 3 100 0
8 5 190 0
9 5 210 0
10 6 220 0
11 7 270 0
12 9 300 0
13 10 350 0
14 11 370 0
15 13 410 0
16 17 500 0
0 0 10 0
1 0 20 0
2 0 30 0
3 0 40 0
4 1 50 0
5 1 60 0
6 2 100 0
7 2 120 0
8 3 130 0
9 3 150 0
10 5 190 0
11 5 200 0
12 6 230 0
13 6 240 0
14 7 260 0
15 12 380 6.25
16 18 500 18.75
0 0 10 0
1 0 20 0
2 0 40 0
3 0 50 0
4 1 70 0
5 1 80 0
6 2 120 0
7 2 130 0
8 3 180 0
9 4 190 0
10 4 200 0
11 5 210 0
12 5 230 0
13 9 320 0
14 9 330 0
15 14 450 6.25
16 20 570 6.25
0 0 10 0
1 0 40 0
2 1 50 0
3 1 60 0
4 1 70 0
5 1 80 0
6 1 90 0
7 2 100 0
8 2 110 0
9 2 120 0
10 3 130 0
11 3 150 0
12 4 160 0
13 5 190 0
14 5 200 0
15 6 240 0
16 11 360 6.25
0 0 10 0
1 0 20 0
2 1 30 0
3 1 40 0
4 1 50 0
5 1 60 0
6 1 70 0
7 2 80 0
8 2 90 0
9 2 100 0
10 2 110 0
11 3 120 0
12 4 150 0
13 4 160 0
14 7 240 0
15 12 360 6.25
16 19 550 6.25
0 0 10 0
1 0 20 0
2 0 40 0
3 1 70 0
4 1 80 0
5 1 90 0
6 1 100 0
7 2 110 0
8 2 120 0
9 4 190 0
10 4 210 0
11 5 230 0
12 8 310 0
13 11 430 6.25
14 16 570 6.25
15 24 780 6.25
16 28 900 18.75
0 0 10 0
1 0 20 0
2 0 30 0
3 0 40 0
4 0 50 0
5 0 60 0
6 1 70 0
7 1 80 0
8 1 100 0
9 2 110 0
10 3 140 0
11 4 210 0
12 4 240 0
13 5 250 0
14 10 370 6.25
15 17 540 6.25
16 22 660 18.75
0 0 10 0
1 0 20 0
2 0 30 0
3 1 40 0
4 1 70 0
5 1 80 0
6 2 90 0
7 2 100 0
8 2 110 0
9 3 120 0
10 3 130 0
11 3 140 0
12 5 200 0
13 6 210 0
14 8 260 0
15 13 380 6.25
16 18 500 18.75
0 1 10 0
1 1 20 0
2 1 30 0
3 1 40 0
4 1 50 0
5 1 60 0
6 1 70 0
7 1 80 0
8 1 90 0
9 2 100 0
10 3 140 0
11 3 150 0
12 4 180 0
13 7 260 0
14 7 270 0
15 11 350 0
16 15 450 0
0 0 10 0
1 0 20 0
2 1 50 0
3 1 60 0
4 1 70 0
5 1 80 0
6 2 100 0
7 2 120 0
8 3 130 0
9 3 140 0
10 4 170 0
11 5 210 0
12 6 220 0
13 7 250 0
14 8 270 0
15 9 290 0
16 9 300 0
0 0 10 0
1 1 20 0
2 1 30 0
3 1 50 0
4 1 70 0
5 2 80 0
6 2 110 0
7 3 120 0
8 3 130 0
9 3 140 0
10 4 150 0
11 4 170 0
12 5 180 0
13 5 190 0
14 7 240 0
15 12 360 6.25
16 21 570 6.25
0 0 10 0
1 0 20 0
2 0 30 0
3 0 40 0
4 0 50 0
5 1 60 0
6 1 70 0
7 1 80 0
8 2 90 0
9 2 100 0
10 3 140 0
11 3 150 0
12 4 180 0
13 4 190 0
14 5 200 0
15 5 210 0
16 10 330 6.25
0 0 10 0
1 1 20 0
2 1 30 0
3 1 40 0
4 1 50 0
5 1 60 0
6 2 70 0
7 2 80 0
8 2 100 0
9 3 110 0
10 3 120 0
11 4 140 0
12 5 160 0
13 6 190 0
14 11 310 6.25
15 18 480 6.25
16 24 620 6.25
0 0 10 0
1 0 20 0
2 0 30 0
3 0 40 0
4 1 50 0
5 2 130 0
6 2 140 0
7 3 160 0
8 3 180 0
9 4 190 0
10 4 200 0
11 5 210 0
12 5 220 0
13 6 250 0
14 7 260 0
15 12 380 6.25
16 17 500 18.75
0 0 10 0
1 0 20 0
2 0 30 0
3 0 40 0
4 1 60 0
5 1 70 0
6 1 80 0
7 2 90 0
8 2 100 0
9 2 110 0
10 3 150 0
11 5 190 0
12 7 260 0
13 10 340 0
14 15 460 6.25
15 24 690 6.25
16 29 810 6.25
0 0 10 0
1 0 20 0
2 0 30 0
3 0 40 0
4 0 50 0
5 1 60 0
6 1 70 0
7 1 80 0
8 2 90 0
9 3 150 0
10 4 170 0
11 5 190 0
12 5 200 0
13 7 240 0
14 10 310 0
15 10 330 0
16 12 360 0
0 0 10 0
1 0 20 0
2 0 30 0
3 0 40 0
4 0 50 0
5 1 60 0
6 1 70 0
7 1 80 0
8 2 90 0
9 2 100 0
10 3 130 0
11 4 150 0
12 5 200 0
13 10 320 6.25
14 16 460 6.25
15 21 580 18.75
16 31 800 12.5
0 0 10 0
1 0 20 0
2 0 30 0
3 0 40 0
4 0 50 0
5 1 60 0
6 1 70 0
7 1 80 0
8 2 90 0
9 2 100 0
10 2 110 0
11 3 120 0
12 3 130 0
13 5 190 0
14 10 310 6.25
15 15 440 6.25
16 22 580 6.25
0 0 10 0
1 0 20 0
2 0 30 0
3 0 40 0
4 1 50 0
5 1 60 0
6 1 70 0
7 1 80 0
8 2 90 0
9 2 100 0
10 3 120 0
11 3 130 0
12 4 140 0
13 5 170 0
14 9 280 0
15 12 340 0
16 17 460 6.25
0 0 10 0
1 0 20 0
2 1 40 0
3 1 50 0
4 1 60 0
5 1 70 0
6 2 80 0
7 2 90 0
8 2 100 0
9 3 110 0
10 3 120 0
11 7 240 6.25
12 11 360 6.25
13 16 480 18.75
14 22 620 12.5
15 28 770 12.5
16 34 890 25
0 0 10 0
1 0 20 0
2 0 40 0
3 1 50 0
4 1 80 0
5 2 150 0
6 3 160 0
7 3 170 0
8 3 180 0
9 3 190 0
10 4 200 0
11 5 220 0
12 5 240 0
13 7 270 0
14 12 390 0
15 16 510 6.25
16 21 630 18.75
0 0 10 0
1 0 20 0
2 0 30 0
3 1 40 0
4 1 50 0
5 1 60 0
6 1 80 0
7 2 90 0
8 2 100 0
9 2 110 0
10 3 120 0
11 3 130 0
12 5 170 0
13 5 180 0
14 9 250 0
15 15 370 6.25
16 20 490 18.75
0 0 10 0
1 0 20 0
2 1 50 0
3 1 60 0
4 1 70 0
5 1 80 0
6 2 120 0
7 3 130 0
8 3 160 0
9 4 170 0
10 5 230 0
11 6 240 0
12 6 250 0
13 6 260 0
14 11 370 0
15 12 390 0
16 13 410 0
0 0 10 0
1 0 20 0
2 0 30 0
3 0 40 0
4 1 50 0
5 1 60 0
6 1 70 0
7 2 100 0
8 2 110 0
9 2 120 0
10 3 130 0
11 3 150 0
12 4 170 0
13 5 180 0
14 7 250 0
15 12 370 6.25
16 17 490 18.75
0 0 10 0
1 0 20 0
2 0 30 0
3 0 40 0
4 1 50 0
5 1 60 0
6 1 80 0
7 2 110 0
8 3 130 0
9 3 140 0
10 4 180 0
11 5 190 0
12 5 200 0
13 9 310 0
14 13 430 6.25
15 17 550 18.75
16 23 690 18.75
0 0 10 0
1 0 20 0
2 0 30 0
3 0 40 0
4 1 70 0
5 1 80 0
6 1 90 0
7 1 100 0
8 2 120 0
9 3 170 0
10 4 180 0
11 4 190 0
12 4 200 0
13 6 240 0
14 6 250 0
15 10 370 6.25
16 15 490 18.75
0 0 10 0
1 1 20 0
2 1 30 0
3 1 40 0
4 1 50 0
5 2 80 0
6 2 100 0
7 3 130 0
8 3 150 0
9 4 160 0
10 4 180 0
11 6 220 0
12 6 230 0
13 7 250 0
14 8 260 0
15 11 350 0
16 12 370 0
0 0 10 0
1 0 20 0
2 0 30 0
3 0 40 0
4 0 50 0
5 0 60 0
6 0 70 0
7 0 90 0
8 1 100 0
9 1 110 0
10 4 220 0
11 4 230 0
12 5 270 0
13 6 280 0
14 6 290 0
15 10 380 0
16 14 500 6.25
0 0 10 0
1 0 20 0
2 1 30 0
3 1 40 0
4 1 50 0
5 1 60 0
6 1 70 0
7 2 80 0
8 2 90 0
9 2 100 0
10 3 110 0
11 6 230 0
12 9 330 0
13 10 340 0
14 12 410 0
15 13 430 0
16 17 550 6.25
0 1 10 0
1 1 20 0
2 1 30 0
3 1 40 0
4 1 50 0
5 1 70 0
6 2 80 0
7 2 90 0
8 2 110 0
9 3 140 0
10 7 260 6.25
11 10 390 6.25
12 14 510 6.25
13 18 630 6.25
14 23 780 6.25
15 28 900 18.75
16 32 1020 37.5
0 0 10 0
1 0 20 0
2 1 30 0
3 1 40 0
4 1 50 0
5 1 60 0
6 2 80 0
7 2 90 0
8 2 100 0
9 2 110 0
10 3 130 0
11 5 180 0
12 5 200 0
13 6 240 0
14 11 360 0
15 15 480 6.25
16 20 600 18.75
0 0 10 0
1 0 20 0
2 0 30 0
3 0 60 0
4 1 70 0
5 1 80 0
6 1 90 0
7 1 110 0
8 4 210 0
9 4 220 0
10 4 230 0
11 6 280 0
12 6 290 0
13 8 330 0
14 12 450 6.25
15 19 660 6.25
16 24 780 18.75
0 0 10 0
1 0 30 0
2 0 40 0
3 1 50 0
4 1 60 0
5 1 70 0
6 1 80 0
7 2 90 0
8 2 100 0
9 3 130 0
10 3 150 0
11 4 160 0
12 5 210 0
13 6 220 0
14 7 250 0
15 10 350 0
16 15 470 6.25
0 0 10 0
1 0 20 0
2 0 30 0
3 1 40 0
4 1 60 0
5 1 80 0
6 2 90 0
7 2 100 0
8 2 110 0
9 2 120 0
10 3 130 0
11 4 160 0
12 4 180 0
13 5 200 0
14 5 210 0
15 6 220 0
16 11 340 6.25
0 0 10 0
1 0 20 0
2 0 30 0
3 0 40 0
4 0 50 0
5 1 60 0
6 1 70 0
7 1 80 0
8 2 110 0
9 2 120 0
10 2 130 0
11 4 170 0
12 5 210 0
13 7 260 0
14 10 350 0
15 13 430 0
16 18 550 6.25
0 0 10 0
1 0 20 0
2 0 30 0
3 0 40 0
4 0 50 0
5 1 60 0
6 1 70 0
7 1 80 0
8 2 100 0
9 2 110 0
10 2 120 0
11 6 240 6.25
12 12 400 6.25
13 17 530 6.25
14 23 680 6.25
15 29 820 6.25
16 34 940 18.75
0 0 10 0
1 0 20 0
2 1 30 0
3 1 40 0
4 1 50 0
5 1 60 0
6 2 70 0
7 2 90 0
8 2 100 0
9 3 110 0
10 3 120 0
11 5 170 0
12 6 190 0
13 7 230 0
14 12 350 6.25
15 19 520 6.25
16 25 640 18.75
0 0 10 0
1 0 20 0
2 0 40 0
3 0 50 0
4 1 70 0
5 1 80 0
6 1 90 0
7 1 100 0
8 2 110 0
9 2 120 0
10 3 130 0
11 3 140 0
12 3 150 0
13 6 220 0
14 7 250 0
15 9 300 0
16 15 420 6.25
0 0 10 0
1 0 20 0
2 0 30 0
3 0 40 0
4 1 60 0
5 1 70 0
6 1 80 0
7 2 90 0
8 2 110 0
9 2 120 0
10 3 140 0
11 5 200 0
12 5 210 0
13 6 220 0
14 7 240 0
15 7 250 0
16 13 370 6.25
0 0 10 0
1 0 30 0
2 0 40 0
3 0 50 0
4 1 60 0
5 1 70 0
6 1 80 0
7 1 90 0
8 2 100 0
9 3 130 0
10 3 150 0
11 4 180 0
12 5 190 0
13 9 310 0
14 10 320 0
15 12 360 0
16 17 480 6.25
0 0 10 0
1 1 20 0
2 1 30 0
3 1 40 0
4 1 70 0
5 2 80 0
6 2 110 0
7 3 120 0
8 3 130 0
9 3 140 0
10 4 160 0
11 5 180 0
12 6 230 0
13 7 250 0
14 8 280 0
15 13 400 6.25
16 22 600 6.25
0 0 10 0
1 0 20 0
2 1 50 0
3 1 60 0
4 1 80 0
5 1 90 0
6 2 110 0
7 4 200 0
8 4 210 0
9 5 220 0
10 5 230 0
11 5 240 0
12 10 360 6.25
13 16 540 6.25
14 21 660 18.75
15 26 780 37.5
16 36 1000 25
0 0 10 0
1 1 20 0
2 1 30 0
3 1 40 0
4 1 50 0
5 1 60 0
6 2 80 0
7 2 90 0
8 2 100 0
9 3 110 0
10 3 120 0
11 6 220 0
12 11 340 0
13 11 360 0
14 12 370 0
15 12 380 0
16 14 410 0
0 0 10 0
1 0 20 0
2 0 30 0
3 0 40 0
4 1 50 0
5 1 60 0
6 1 70 0
7 2 80 0
8 2 100 0
9 2 110 0
10 3 120 0
11 3 130 0
12 4 150 0
13 4 160 0
14 6 200 0
15 11 320 6.25
16 20 530 6.25
0 1 10 0
1 1 30 0
2 1 40 0
3 1 60 0
4 1 70 0
5 2 80 0
6 2 90 0
7 2 100 0
8 3 120 0
9 3 130 0
10 4 140 0
11 6 210 0
12 6 220 0
13 7 230 0
14 8 270 0
15 11 340 0
16 16 460 6.25
0 0 10 0
1 0 20 0
2 0 30 0
3 0 40 0
4 0 50 0
5 0 60 0
6 1 70 0
7 1 80 0
8 2 110 0
9 2 120 0
10 3 130 0
11 3 140 0
12 3 150 0
13 4 160 0
14 7 230 0
15 8 260 0
16 13 380 6.25
0 0 10 0
1 0 20 0
2 0 40 0
3 0 60 0
4 1 70 0
5 1 80 0
6 1 90 0
7 1 100 0
8 2 110 0
9 2 120 0
10 2 130 0
11 4 170 0
12 6 220 0
13 6 240 0
14 11 360 6.25
15 16 480 18.75
16 26 700 12.5
0 0 10 0
1 0 20 0
2 1 30 0
3 1 40 0
4 1 70 0
5 2 80 0
6 3 150 0
7 4 160 0
8 4 170 0
9 4 180 0
10 5 200 0
11 6 210 0
12 7 230 0
13 9 260 0
14 14 380 6.25
15 26 590 6.25
