0 0 10
1 0 20
2 0 30
3 1 40
4 2 57
5 2 67
6 3 77
7 4 87
8 5 97
9 9 135
10 10 145
11 11 155
12 16 196
13 27 268
14 41 363
15 52 433
16 64 499
0 0 10
1 0 20
2 1 30
3 1 40
4 2 50
5 3 67
6 3 77
7 5 94
8 6 104
9 7 114
10 8 124
11 11 151
12 13 167
13 20 217
14 31 284
15 43 361
16 56 435
0 0 10
1 0 20
2 0 30
3 1 40
4 1 50
5 2 60
6 3 73
7 3 83
8 6 121
9 7 131
10 8 141
11 12 171
12 15 198
13 17 208
14 20 231
15 33 310
16 47 386
0 0 10
1 0 20
2 1 30
3 1 40
4 2 50
5 2 60
6 3 70
7 4 80
8 5 90
9 6 100
10 8 125
11 10 135
12 11 145
13 14 166
14 17 187
15 30 262
16 41 326
0 1 10
1 1 20
2 1 30
3 2 58
4 3 68
5 4 87
6 5 104
7 6 114
8 7 124
9 8 134
10 9 144
11 11 160
12 12 170
13 14 180
14 26 259
15 37 330
16 50 408
0 0 10
1 0 20
2 1 30
3 1 40
4 2 50
5 4 88
6 5 98
7 6 116
8 8 138
9 9 148
10 13 184
11 15 203
12 26 280
13 38 367
14 49 437
15 61 512
16 73 583
0 0 10
1 0 20
2 0 37
3 1 47
4 2 67
5 2 77
6 4 99
7 7 135
8 8 145
9 9 155
10 11 176
11 12 186
12 22 259
13 32 327
14 50 449
15 61 517
16 78 612
0 0 10
1 0 26
2 1 36
3 1 46
4 2 56
5 2 66
6 3 76
7 4 86
8 6 110
9 7 120
10 8 130
11 9 140
12 19 216
13 30 294
14 46 397
15 59 473
16 71 544
0 0 10
1 0 20
2 0 30
3 1 40
4 1 50
5 2 60
6 3 70
7 8 138
8 10 162
9 11 172
10 13 182
11 20 244
12 28 303
13 35 354
14 40 383
15 52 459
16 65 535
0 0 10
1 1 20
2 1 30
3 1 40
4 2 50
5 3 60
6 3 70
7 4 80
8 6 100
9 7 110
10 8 120
11 9 130
12 14 163
13 19 201
14 26 246
15 39 328
16 57 432
0 0 10
1 0 20
2 1 30
3 1 40
4 2 50
5 2 60
6 3 70
7 4 80
8 5 90
9 10 148
10 12 158
11 13 168
12 15 184
13 16 194
14 28 268
15 45 376
16 64 487
0 0 10
1 1 20
2 1 30
3 1 40
4 2 50
5 3 60
6 3 70
7 8 125
8 11 160
9 12 170
10 19 236
11 21 246
12 25 281
13 27 291
14 39 373
15 60 500
16 84 642
0 0 10
1 1 20
2 1 30
3 1 40
4 2 50
5 2 60
6 3 70
7 6 103
8 7 113
9 8 123
10 9 133
11 10 143
12 13 166
13 24 243
14 36 320
15 49 403
16 63 480
0 1 10
1 1 47
2 2 57
3 2 73
4 3 83
5 4 108
6 5 118
7 6 128
8 7 138
9 8 148
10 9 158
11 13 188
12 14 198
13 26 283
14 37 353
15 52 446
16 70 552
0 0 10
1 0 20
2 0 30
3 1 40
4 1 50
5 2 60
6 2 70
7 3 80
8 4 90
9 5 100
10 10 140
11 19 215
12 29 291
13 40 367
14 53 453
15 65 527
16 78 606
0 0 10
1 0 20
2 0 30
3 1 40
4 1 58
5 2 68
6 3 78
7 5 101
8 6 111
9 7 121
10 8 131
11 9 141
12 15 185
13 27 271
14 39 349
15 56 454
16 69 532
0 0 10
1 0 20
2 0 30
3 1 40
4 1 50
5 2 60
6 3 70
7 5 105
8 8 128
9 10 151
10 11 161
11 12 171
12 14 181
13 24 258
14 42 370
15 58 469
16 70 537
0 1 10
1 1 20
2 1 30
3 2 40
4 2 50
5 3 71
6 4 81
7 5 91
8 6 101
9 12 159
10 13 169
11 14 179
12 17 199
13 27 271
14 47 405
15 61 492
16 74 568
0 0 10
1 0 20
2 0 30
3 1 40
4 1 50
5 2 60
6 2 70
7 3 80
8 9 145
9 10 155
10 11 165
11 13 175
12 14 185
13 25 266
14 27 276
15 39 352
16 53 429
0 0 10
1 0 30
2 1 40
3 2 63
4 2 73
5 3 88
6 4 98
7 5 108
8 7 136
9 8 146
10 9 156
11 11 166
12 16 204
13 17 214
14 29 292
15 45 389
16 64 503
0 0 10
1 0 20
2 1 30
3 1 40
4 2 50
5 3 76
6 4 86
7 8 141
8 9 151
9 10 161
10 11 171
11 13 181
12 14 191
13 25 271
14 37 350
15 49 424
16 65 517
0 0 10
1 0 20
2 0 30
3 1 40
4 1 50
5 2 60
6 3 70
7 4 80
8 4 90
9 5 100
10 8 127
11 16 197
12 26 272
13 38 356
14 52 449
15 64 524
16 80 618
0 0 10
1 0 24
2 1 59
3 2 69
4 2 79
5 3 89
6 4 99
7 5 109
8 6 119
9 7 129
10 16 213
11 25 288
12 35 364
13 48 452
14 61 538
15 74 617
16 87 695
0 0 10
1 0 20
2 1 30
3 1 40
4 2 50
5 3 74
6 4 84
7 6 109
8 7 119
9 8 129
10 9 139
11 12 162
12 13 172
13 22 232
14 33 308
15 47 391
16 59 460
0 0 10
1 1 20
2 1 30
3 1 40
4 2 50
5 2 60
6 3 70
7 5 94
8 6 104
9 8 128
10 11 153
11 16 190
12 17 200
13 22 235
14 34 310
15 54 436
16 73 543
0 0 10
1 0 20
2 1 30
3 1 40
4 2 50
5 2 60
6 3 70
7 4 80
8 5 90
9 6 100
10 10 134
11 12 155
12 14 165
13 15 175
14 20 205
15 21 215
16 36 301
0 0 10
1 0 20
2 0 30
3 1 45
4 1 55
5 1 65
6 2 75
7 3 85
8 5 105
9 6 115
10 9 148
11 10 158
12 13 179
13 16 196
14 22 239
15 35 315
16 46 376
0 0 10
1 0 20
2 0 30
3 1 49
4 2 69
5 3 79
6 4 89
7 6 112
8 6 122
9 11 165
10 12 175
11 15 203
12 20 241
13 31 314
14 42 391
15 54 465
16 67 541
0 0 10
1 0 20
2 0 30
3 1 40
4 5 118
5 10 208
6 16 282
7 22 362
8 29 438
9 36 509
10 45 587
11 54 662
12 64 734
13 74 810
14 88 900
15 105 1006
16 117 1074
0 0 10
1 0 20
2 0 30
3 1 56
4 1 66
5 2 76
6 2 86
7 7 137
8 8 152
9 9 162
10 10 172
11 11 182
12 13 192
13 16 217
14 28 292
15 41 372
16 53 445
0 0 10
1 0 20
2 0 30
3 1 40
4 2 61
5 2 71
6 3 81
7 4 91
8 5 101
9 6 111
10 12 164
11 13 174
12 23 254
13 35 337
14 51 441
15 64 523
16 78 604
0 0 10
1 0 20
2 1 30
3 1 46
4 2 56
5 2 66
6 5 106
7 6 116
8 7 126
9 8 136
10 9 146
11 11 164
12 15 194
13 24 254
14 33 317
15 46 395
16 60 476
0 0 10
1 1 20
2 1 30
3 1 40
4 2 50
5 3 60
6 5 97
7 6 107
8 8 129
9 9 139
10 10 149
11 19 224
12 30 306
13 46 418
14 56 483
15 69 562
16 81 635
0 0 10
1 1 20
2 1 30
3 1 40
4 2 56
5 3 66
6 4 76
7 4 86
8 5 96
9 6 106
10 7 116
11 10 134
12 11 144
13 12 154
14 18 190
15 20 200
16 33 280
0 0 10
1 1 20
2 1 30
3 2 53
4 2 63
5 3 73
6 4 88
7 5 98
8 7 116
9 11 160
10 15 196
11 25 273
12 26 283
13 27 293
14 29 303
15 31 313
16 43 387
0 0 10
1 1 20
2 1 30
3 1 40
4 3 66
5 3 76
6 4 86
7 5 96
8 7 114
9 8 124
10 9 141
11 11 151
12 12 161
13 21 221
14 22 231
15 25 248
16 38 324
0 0 10
1 0 20
2 1 30
3 1 47
4 3 72
5 5 105
6 5 115
7 6 125
8 8 144
9 9 154
10 12 185
11 20 247
12 21 257
13 33 339
14 48 439
15 62 520
16 74 595
0 0 10
1 1 63
2 1 73
3 2 83
4 2 93
5 3 103
6 5 133
7 6 143
8 8 163
9 9 173
10 11 195
11 12 205
12 14 215
13 18 246
14 22 271
15 29 313
16 43 395
0 0 10
1 0 20
2 0 30
3 1 40
4 1 50
5 2 60
6 3 70
7 3 80
8 4 90
9 5 100
10 8 127
11 10 137
12 11 147
13 16 182
14 17 192
15 20 209
16 34 289
0 0 10
1 0 20
2 1 30
3 1 40
4 2 63
5 4 97
6 5 107
7 6 117
8 8 134
9 9 144
10 10 154
11 18 226
12 29 303
13 40 383
14 50 452
15 69 567
16 83 650
0 0 10
1 0 20
2 1 30
3 1 40
4 2 61
5 4 90
6 5 100
7 5 110
8 8 137
9 9 147
10 17 220
11 27 298
12 40 403
13 52 481
14 65 566
15 77 645
16 90 716
0 0 10
1 0 20
2 0 30
3 1 40
4 4 105
5 5 115
6 5 125
7 6 135
8 7 145
9 11 180
10 13 196
11 19 250
12 24 286
13 25 296
14 30 327
15 41 394
16 55 477
0 1 10
1 1 20
2 1 30
3 1 40
4 2 50
5 3 60
6 3 70
7 7 120
8 9 138
9 13 177
10 18 219
11 27 298
12 38 382
13 56 502
14 68 580
15 81 659
16 103 791
0 0 10
1 0 20
2 1 30
3 2 48
4 2 58
5 3 81
6 4 91
7 6 108
8 6 118
9 9 143
10 11 159
11 12 169
12 20 233
13 25 266
14 27 276
15 41 363
16 58 463
0 0 10
1 0 20
2 1 35
3 1 45
4 2 55
5 3 72
6 3 82
7 4 92
8 5 102
9 7 122
10 8 132
11 12 165
12 19 215
13 23 242
14 34 320
15 47 395
16 62 486
0 0 10
1 0 20
2 0 30
3 1 40
4 1 50
5 3 86
6 4 96
7 6 119
8 7 129
9 8 139
10 14 192
11 15 202
12 16 212
13 27 290
14 39 363
15 51 443
16 65 524
0 1 10
1 1 32
2 2 70
3 3 80
4 4 115
5 5 125
6 6 135
7 9 171
8 12 207
9 13 221
10 17 249
11 18 259
12 24 309
13 31 359
14 43 437
15 55 511
16 68 585
0 0 10
1 0 20
2 1 36
3 1 46
4 1 56
5 2 78
6 3 88
7 3 98
8 4 108
9 6 128
10 7 138
11 12 176
12 14 192
13 16 202
14 19 224
15 31 300
16 44 372
0 0 10
1 0 20
2 0 30
3 1 40
4 1 50
5 2 60
6 4 84
7 6 107
8 9 144
9 13 180
10 14 190
11 17 218
12 19 228
13 21 244
14 24 262
15 32 311
16 44 383
0 0 10
1 0 20
2 1 35
3 1 45
4 2 55
5 2 65
6 3 75
7 4 85
8 6 114
9 7 124
10 9 134
11 12 166
12 16 189
13 19 213
14 30 288
15 43 366
16 57 445
0 0 10
1 1 20
2 1 30
3 1 40
4 2 50
5 3 74
6 4 84
7 5 94
8 6 104
9 7 120
10 10 143
11 14 172
12 15 182
13 19 212
14 22 229
15 28 265
16 29 275
0 0 10
1 1 20
2 1 30
3 1 40
4 2 58
5 3 68
6 4 78
7 4 88
8 5 98
9 7 113
10 8 123
11 11 148
12 15 175
13 19 204
14 21 221
15 34 302
16 48 381
0 1 10
1 2 67
2 2 77
3 2 87
4 3 97
5 4 107
6 4 117
7 5 127
8 6 137
9 7 147
10 8 157
11 9 167
12 12 190
13 14 200
14 17 221
15 30 300
16 43 371
0 0 10
1 0 20
2 0 30
3 1 54
4 2 64
5 3 80
6 4 90
7 4 100
8 6 120
9 7 130
10 10 155
11 11 165
12 21 236
13 31 306
14 42 380
15 54 453
16 71 552
0 0 10
1 0 20
2 0 30
3 1 40
4 1 50
5 2 60
6 3 70
7 3 80
8 3 90
9 4 100
10 10 147
11 12 165
12 13 175
13 19 215
14 23 240
15 36 319
16 57 439
0 0 10
1 0 20
2 1 30
3 1 40
4 2 65
5 4 89
6 5 99
7 5 109
8 6 119
9 7 129
10 8 139
11 17 206
12 27 286
13 43 399
14 55 476
15 69 564
16 82 640
0 0 10
1 0 20
2 1 53
3 1 63
4 2 73
5 3 83
6 4 103
7 5 119
8 6 129
9 8 145
10 10 160
11 11 170
12 13 189
13 15 204
14 24 263
15 37 344
16 49 414
0 0 10
1 0 27
2 1 37
3 1 47
4 2 57
5 2 67
6 4 97
7 5 107
8 6 117
9 7 127
10 10 149
11 12 168
12 20 232
13 34 324
14 45 396
15 57 472
16 78 594
0 0 10
1 1 20
2 1 30
3 1 40
4 3 78
5 4 88
6 5 98
7 5 108
8 6 118
9 7 128
10 9 138
11 10 148
12 11 158
13 13 168
14 17 198
15 20 217
16 29 266
0 0 10
1 0 20
2 1 35
3 1 45
4 2 55
5 2 65
6 3 75
7 4 85
8 5 95
9 6 105
10 7 115
11 9 130
12 10 140
13 15 175
14 17 185
15 29 257
16 43 340
0 0 10
1 0 20
2 0 30
3 1 40
4 1 50
5 2 60
6 3 76
7 4 86
8 8 131
9 9 141
10 10 151
11 15 187
12 26 272
13 36 345
14 49 432
15 62 508
16 75 582
0 0 10
1 0 20
2 0 30
3 1 40
4 1 50
5 2 60
6 2 70
7 3 80
8 4 90
9 5 100
10 6 110
11 8 120
12 9 130
13 11 143
14 23 221
15 37 308
16 49 380
0 0 10
1 1 35
2 1 45
3 2 55
4 2 65
5 3 75
6 4 85
7 4 95
8 5 105
9 8 127
10 9 137
11 10 147
12 11 157
13 23 235
14 35 319
15 47 389
16 61 469
0 1 10
1 1 20
2 1 30
3 1 40
4 2 50
5 3 60
6 3 70
7 4 80
8 6 97
9 7 107
10 8 117
11 9 127
12 10 137
13 12 147
14 17 184
15 25 233
16 37 304
0 0 10
1 0 35
2 1 45
3 1 55
4 2 65
5 2 75
6 3 85
7 5 110
8 6 120
9 8 139
10 9 149
11 10 159
12 12 169
13 14 186
14 25 260
15 38 336
16 50 407
0 0 10
1 0 20
2 0 30
3 2 68
4 2 78
5 3 88
6 4 98
7 4 108
8 8 142
9 9 152
10 10 162
11 11 172
12 13 188
13 15 198
14 18 221
15 20 231
16 33 305
0 0 10
1 0 20
2 0 30
3 1 40
4 1 50
5 2 60
6 3 70
7 3 80
8 4 90
9 8 125
10 9 135
11 10 145
12 12 162
13 22 230
14 35 312
15 46 383
16 59 458
0 0 10
1 0 20
2 1 30
3 1 40
4 2 50
5 2 64
6 3 74
7 6 104
8 7 121
9 10 146
10 14 185
11 24 264
12 40 382
13 52 471
14 63 542
15 76 616
16 89 693
0 0 10
1 0 20
2 0 30
3 1 40
4 1 50
5 2 60
6 3 70
7 4 89
8 5 99
9 6 109
10 10 143
11 11 153
12 13 163
13 14 176
14 26 252
15 45 365
16 58 443
0 0 10
1 0 20
2 0 30
3 1 49
4 2 59
5 2 69
6 3 79
7 5 107
8 6 117
9 8 134
10 11 162
11 12 172
12 14 182
13 19 219
14 21 229
15 33 302
16 48 388
0 0 10
1 0 24
2 0 34
3 1 57
4 2 67
5 4 104
6 5 114
7 7 136
8 8 146
9 13 199
10 14 209
11 23 282
12 36 375
13 50 470
14 61 545
15 74 619
16 93 730
0 0 10
1 1 20
2 1 37
3 2 47
4 2 57
5 3 67
6 4 88
7 5 98
8 8 133
9 9 143
10 11 153
11 17 202
12 19 218
13 20 228
14 24 252
15 37 328
16 50 404
0 0 10
1 1 53
2 1 63
3 2 80
4 3 90
5 3 100
6 4 110
7 5 120
8 6 130
9 7 140
10 8 150
11 9 160
12 20 243
13 31 318
14 43 391
15 55 463
16 68 539
0 0 10
1 1 30
2 1 40
3 2 67
4 3 77
5 3 87
6 6 128
7 7 144
8 8 154
9 9 164
10 11 174
11 14 197
12 16 219
13 29 302
14 50 440
15 71 568
16 86 651
0 0 10
1 0 20
2 0 30
3 0 40
4 0 50
5 1 60
6 2 70
7 8 146
8 15 227
9 23 307
10 32 391
11 42 470
12 52 542
13 64 626
14 76 700
15 94 813
16 107 886
0 0 10
1 1 27
2 1 37
3 2 47
4 2 57
5 3 72
6 4 82
7 5 92
8 6 102
9 9 135
10 17 210
11 26 282
12 36 352
13 49 442
14 60 517
15 73 592
16 85 663
0 0 10
1 1 20
2 1 30
3 1 40
4 2 50
5 2 60
6 3 70
7 4 80
8 5 90
9 6 100
10 7 110
11 8 120
12 10 130
13 21 209
14 33 288
15 48 377
16 62 456
0 0 10
1 0 20
2 0 30
3 1 40
4 1 50
5 2 60
6 5 100
7 6 110
8 7 120
9 8 130
10 9 140
11 10 150
12 12 160
13 14 178
14 26 254
15 38 325
16 62 463
0 0 10
1 0 20
2 1 30
3 1 40
4 1 50
5 3 69
6 4 91
7 6 107
8 7 117
9 10 149
10 11 159
11 14 183
12 15 193
13 19 218
14 31 294
15 43 368
16 57 447
0 0 10
1 0 20
2 0 30
3 1 40
4 2 58
5 2 68
6 3 78
7 4 88
8 5 98
9 6 108
10 7 118
11 8 128
12 19 206
13 30 286
14 49 408
15 61 484
16 75 561
0 0 10
1 0 20
2 0 30
3 1 40
4 1 50
5 2 60
6 2 70
7 3 80
8 4 90
9 5 100
10 6 110
11 8 120
12 16 182
13 17 192
14 19 202
15 21 212
16 25 239
0 1 10
1 1 20
2 1 30
3 1 40
4 1 50
5 2 60
6 3 81
7 4 91
8 5 101
9 6 111
10 7 121
11 10 146
12 12 156
13 22 226
14 35 308
15 47 385
16 62 468
0 0 10
1 0 20
2 0 30
3 1 40
4 1 50
5 2 60
6 2 70
7 3 80
8 4 90
9 8 132
10 10 142
11 12 158
12 17 199
13 21 225
14 33 304
15 46 385
16 61 470
0 0 10
1 0 20
2 1 30
3 1 40
4 2 50
5 2 60
6 5 103
7 6 113
8 7 123
9 13 181
10 14 191
11 16 201
12 17 211
13 28 290
14 40 367
15 56 460
16 69 533
0 0 10
1 0 20
2 0 30
3 1 40
4 1 50
5 2 60
6 4 92
7 5 102
8 6 112
9 9 137
10 11 154
11 16 197
12 26 273
13 37 350
14 51 441
15 70 553
16 84 633
0 0 10
1 0 20
2 1 30
3 1 40
4 2 63
5 3 73
6 4 83
7 6 106
8 6 116
9 7 126
10 10 153
11 12 176
12 20 232
13 26 276
14 40 361
15 52 435
16 64 505
0 0 10
1 0 20
2 1 30
3 1 40
4 2 50
5 3 66
6 5 93
7 6 103
8 6 113
9 7 123
10 9 133
11 11 151
12 14 171
13 15 181
14 17 191
15 30 273
16 43 347
0 0 10
1 0 20
2 0 30
3 1 45
4 1 55
5 2 65
6 3 75
7 4 85
8 5 95
9 13 175
10 22 260
11 31 334
12 41 410
13 52 485
14 63 559
15 77 639
16 91 718
0 0 10
1 0 20
2 1 30
3 1 40
4 2 58
5 3 68
6 3 78
7 4 88
8 5 98
9 6 108
10 9 134
11 16 186
12 23 238
13 24 248
14 36 320
15 56 442
16 70 523
0 0 10
1 1 20
2 1 30
3 1 40
4 2 50
5 3 60
6 3 70
7 4 80
8 8 123
9 10 145
10 12 155
11 13 165
12 18 201
13 23 237
14 32 294
15 44 370
16 56 438
0 0 10
1 0 20
2 1 30
3 1 40
4 2 50
5 2 60
6 4 84
7 5 94
8 6 104
9 14 185
10 24 267
11 35 357
12 47 445
13 63 554
14 82 678
15 105 816
16 119 894
0 0 10
1 0 20
2 0 30
3 1 40
4 1 50
5 2 60
6 3 70
7 5 103
8 6 113
9 7 123
10 8 133
11 11 153
12 19 213
13 25 255
14 27 265
15 28 275
16 42 353
0 1 10
1 1 20
2 1 30
3 1 40
4 3 83
5 3 93
6 5 117
7 6 127
8 7 137
9 8 147
10 9 157
11 10 167
12 13 189
13 15 199
14 21 238
15 34 316
16 47 391
0 0 10
1 0 20
2 0 30
3 1 40
4 2 71
5 3 81
6 4 99
7 5 109
8 6 119
9 7 129
10 11 164
11 12 174
12 23 254
13 34 333
14 47 416
15 59 490
16 74 573
0 0 10
1 0 25
2 2 76
3 2 86
4 3 96
5 3 106
6 4 116
7 8 161
8 9 171
9 10 181
10 11 191
11 15 225
12 22 273
13 23 283
14 35 361
15 49 446
16 63 523
0 0 10
1 0 20
2 0 30
3 1 40
4 1 50
5 2 68
6 3 78
7 4 88
8 5 98
9 8 132
10 14 177
11 15 187
12 16 197
13 28 279
14 40 356
15 51 424
16 61 480
0 0 10
1 1 20
2 1 30
3 1 40
4 2 50
5 2 60
6 5 92
7 8 134
8 9 144
9 10 154
10 11 164
11 12 174
12 17 216
13 20 239
14 31 310
15 47 403
16 67 522
0 1 10
1 1 34
2 1 44
3 2 54
4 2 64
5 3 74
6 5 102
7 6 112
8 7 122
9 8 132
10 10 154
11 14 187
12 16 197
13 17 207
14 29 282
15 42 362
16 55 438
0 0 10
1 1 41
2 1 51
3 2 61
4 2 71
5 3 81
6 3 91
7 4 111
8 6 132
9 7 142
10 10 165
11 12 183
12 13 193
13 15 203
14 18 221
15 30 294
16 43 371
0 1 10
1 1 20
2 1 30
3 3 78
4 4 88
5 4 98
6 5 108
7 6 123
8 7 133
9 10 157
10 14 197
11 19 240
12 24 274
13 29 307
14 42 390
15 56 477
16 68 548
