0 0 10
1 0 20
2 0 30
3 3 82
4 3 92
5 4 112
6 5 122
7 6 132
8 7 142
9 9 162
10 10 172
11 11 182
12 16 220
13 18 230
14 21 250
15 35 336
16 62 487
0 1 10
1 1 20
2 1 30
3 1 40
4 2 50
5 3 60
6 6 110
7 9 144
8 10 154
9 12 174
10 14 194
11 17 214
12 18 224
13 24 267
14 26 277
15 40 359
16 58 463
0 0 10
1 0 30
2 1 40
3 1 50
4 2 60
5 3 80
6 4 90
7 4 100
8 7 129
9 8 139
10 12 176
11 21 243
12 37 353
13 51 453
14 61 512
15 85 659
16 100 738
0 0 10
1 0 20
2 1 30
3 1 40
4 2 50
5 2 60
6 4 87
7 6 107
8 7 117
9 10 145
10 11 155
11 20 226
12 21 236
13 31 300
14 44 382
15 55 447
16 65 503
0 0 10
1 0 20
2 0 30
3 1 40
4 1 50
5 3 80
6 4 90
7 5 109
8 6 119
9 7 129
10 13 177
11 14 187
12 19 223
13 28 283
14 36 330
15 49 412
16 61 476
0 0 10
1 1 20
2 1 47
3 2 67
4 3 77
5 4 97
6 5 107
7 6 127
8 8 147
9 12 183
10 13 193
11 19 238
12 31 323
13 50 455
14 73 603
15 85 674
16 99 750
0 0 10
1 0 20
2 0 30
3 1 40
4 1 50
5 2 70
6 3 80
7 7 124
8 12 179
9 14 199
10 15 209
11 21 255
12 33 336
13 43 400
14 62 518
15 86 663
16 98 728
0 0 10
1 0 20
2 0 30
3 1 40
4 1 50
5 2 60
6 3 70
7 3 80
8 4 90
9 9 131
10 10 141
11 11 151
12 16 189
13 27 258
14 38 329
15 49 396
16 62 468
0 0 10
1 0 20
2 1 30
3 1 40
4 2 50
5 2 60
6 3 70
7 4 80
8 5 90
9 6 100
10 10 138
11 16 188
12 18 198
13 27 260
14 40 337
15 52 410
16 65 483
0 0 10
1 1 20
2 1 30
3 1 40
4 2 60
5 3 70
6 4 80
7 5 100
8 6 110
9 7 120
10 8 130
11 10 140
12 11 150
13 14 170
14 25 239
15 54 416
16 67 483
0 0 10
1 1 20
2 2 52
3 2 62
4 3 72
5 3 82
6 5 102
7 6 112
8 6 122
9 7 132
10 10 152
11 12 172
12 20 229
13 21 239
14 32 307
15 53 433
16 63 487
0 0 10
1 0 20
2 1 49
3 1 59
4 1 69
5 2 79
6 2 89
7 3 99
8 4 109
9 5 119
10 6 129
11 11 165
12 17 210
13 21 237
14 30 292
15 55 445
16 65 499
0 0 10
1 0 20
2 1 30
3 1 40
4 2 50
5 2 60
6 3 70
7 4 80
8 5 90
9 6 100
10 7 110
11 9 130
12 12 150
13 25 234
14 41 336
15 49 384
16 57 425
0 0 10
1 0 20
2 0 30
3 1 40
4 1 50
5 2 60
6 3 80
7 4 90
8 5 100
9 8 130
10 13 173
11 20 228
12 31 303
13 47 412
14 56 467
15 64 514
16 71 552
0 0 10
1 0 20
2 0 30
3 1 40
4 2 60
5 3 79
6 4 89
7 4 99
8 6 119
9 7 129
10 8 139
11 12 166
12 17 208
13 19 218
14 28 274
15 47 389
16 65 489
0 1 10
1 1 38
2 1 48
3 2 58
4 4 93
5 5 113
6 6 123
7 6 133
8 9 161
9 11 181
10 12 191
11 15 217
12 22 266
13 31 324
14 42 390
15 50 440
16 61 500
0 0 10
1 0 30
2 0 40
3 0 50
4 1 79
5 2 89
6 3 99
7 4 119
8 5 129
9 9 164
10 10 174
11 20 248
12 31 331
13 49 454
14 60 521
15 83 657
16 96 727
0 0 10
1 0 20
2 1 40
3 1 50
4 2 60
5 2 70
6 4 97
7 7 132
8 8 142
9 12 178
10 15 207
11 18 227
12 26 289
13 29 309
14 31 319
15 45 403
16 55 460
0 0 10
1 1 30
2 1 40
3 1 50
4 2 60
5 3 85
6 4 95
7 5 105
8 6 115
9 7 125
10 13 181
11 15 191
12 23 253
13 44 396
14 53 447
15 74 575
16 101 724
0 0 10
1 0 20
2 0 30
3 1 40
4 1 50
5 2 60
6 4 89
7 5 99
8 8 140
9 9 150
10 10 160
11 11 170
12 12 180
13 14 190
14 20 231
15 47 393
16 69 519
0 0 10
1 0 20
2 0 30
3 1 40
4 2 59
5 2 69
6 6 122
7 7 132
8 8 142
9 9 152
10 10 162
11 14 190
12 19 228
13 20 238
14 22 248
15 36 335
16 61 473
0 1 10
1 1 20
2 1 30
3 2 50
4 5 98
5 5 108
6 7 128
7 9 155
8 10 165
9 11 175
10 14 202
11 16 222
12 18 232
13 26 285
14 30 314
15 36 351
16 48 418
0 0 10
1 1 20
2 1 39
3 2 49
4 2 59
5 4 89
6 5 109
7 6 119
8 7 129
9 8 139
10 10 159
11 19 221
12 32 317
13 47 416
14 58 482
15 73 572
16 93 687
0 0 10
1 1 20
2 1 30
3 2 63
4 3 73
5 3 83
6 4 93
7 5 103
8 6 113
9 7 123
10 9 143
11 10 153
12 17 201
13 25 254
14 42 370
15 53 431
16 61 475
0 0 10
1 1 51
2 2 61
3 2 71
4 3 81
5 4 107
6 7 142
7 8 152
8 9 162
9 10 172
10 14 207
11 20 258
12 26 300
13 58 513
14 72 604
15 91 721
16 102 782
0 0 10
1 0 20
2 1 30
3 1 40
4 2 50
5 2 60
6 3 70
7 4 80
8 5 90
9 8 118
10 9 128
11 10 138
12 11 148
13 13 158
14 16 178
15 17 188
16 31 264
0 0 10
1 0 20
2 1 30
3 4 98
4 10 218
5 18 338
6 23 398
7 33 518
8 44 628
9 54 730
10 67 844
11 83 963
12 98 1079
13 105 1122
14 124 1242
15 143 1361
16 160 1451
0 0 10
1 1 20
2 2 57
3 2 67
4 3 77
5 3 87
6 6 123
7 7 133
8 8 143
9 10 163
10 15 211
11 23 271
12 41 406
13 51 473
14 66 568
15 79 645
16 90 705
0 1 10
1 1 20
2 1 40
3 2 50
4 2 60
5 4 80
6 4 90
7 7 124
8 8 134
9 11 162
10 13 182
11 18 222
12 19 232
13 24 267
14 26 277
15 34 326
16 48 408
0 0 10
1 0 20
2 1 40
3 1 50
4 2 60
5 2 70
6 3 80
7 4 90
8 5 100
9 6 110
10 7 120
11 8 130
12 10 140
13 11 150
14 13 160
15 14 170
16 20 205
0 0 10
1 0 20
2 0 40
3 1 50
4 1 60
5 2 70
6 3 80
7 3 90
8 4 100
9 6 120
10 8 130
11 10 150
12 11 160
13 15 187
14 17 197
15 18 207
16 28 261
0 0 10
1 0 20
2 1 30
3 1 40
4 1 50
5 2 60
6 3 70
7 4 80
8 5 90
9 6 100
10 8 120
11 12 150
12 14 170
13 16 180
14 21 216
15 23 226
16 33 279
0 0 10
1 0 20
2 1 30
3 1 40
4 2 50
5 2 60
6 3 70
7 4 80
8 5 90
9 12 157
10 13 167
11 15 186
12 16 196
13 17 206
14 18 216
15 35 313
16 47 378
0 0 10
1 0 20
2 0 30
3 1 50
4 2 60
5 2 70
6 3 80
7 4 90
8 5 100
9 6 110
10 10 151
11 13 171
12 18 209
13 19 219
14 22 238
15 31 289
16 43 356
0 0 10
1 0 20
2 0 30
3 1 40
4 1 50
5 2 60
6 3 70
7 4 90
8 5 100
9 6 110
10 7 120
11 9 130
12 14 167
13 20 211
14 25 241
15 29 268
16 41 331
0 0 10
1 1 20
2 1 40
3 2 50
4 2 60
5 3 70
6 3 80
7 3 90
8 4 100
9 7 124
10 8 134
11 9 144
12 14 180
13 26 261
14 37 329
15 49 403
16 58 450
0 0 10
1 0 20
2 1 53
3 1 63
4 2 73
5 2 83
6 4 103
7 10 176
8 12 196
9 17 248
10 19 258
11 25 310
12 26 320
13 27 330
14 36 386
15 50 469
16 60 521
0 0 10
1 0 20
2 0 30
3 1 40
4 1 50
5 2 60
6 3 70
7 4 89
8 5 99
9 6 109
10 7 119
11 12 155
12 33 312
13 53 442
14 63 505
15 75 575
16 90 655
0 0 10
1 1 20
2 1 30
3 2 57
4 3 67
5 3 77
6 4 87
7 5 97
8 6 107
9 8 127
10 11 159
11 12 169
12 20 226
13 33 312
14 44 381
15 68 519
16 91 644
0 0 10
1 1 54
2 1 64
3 2 74
4 2 84
5 6 139
6 7 149
7 7 159
8 8 169
9 11 196
10 15 226
11 16 236
12 20 265
13 23 285
14 27 315
15 38 377
16 47 424
0 0 10
1 1 48
2 1 58
3 1 68
4 2 78
5 2 88
6 3 98
7 4 108
8 6 128
9 7 138
10 8 148
11 9 158
12 11 168
13 13 188
14 19 226
15 31 293
16 43 354
0 0 10
1 1 20
2 1 30
3 1 40
4 3 67
5 3 77
6 4 87
7 5 97
8 6 107
9 11 155
10 12 165
11 13 175
12 16 195
13 19 214
14 30 284
15 40 341
16 64 468
0 0 10
1 1 38
2 1 48
3 2 58
4 2 68
5 3 78
6 4 98
7 5 108
8 6 118
9 12 170
10 17 215
11 18 225
12 22 251
13 33 324
14 41 371
15 53 443
16 62 487
0 0 10
1 0 20
2 1 30
3 1 40
4 1 50
5 2 60
6 3 70
7 4 80
8 5 90
9 8 126
10 9 136
11 18 203
12 30 285
13 40 353
14 59 468
15 71 536
16 82 592
0 0 10
1 0 30
2 0 40
3 1 50
4 2 70
5 3 80
6 3 90
7 4 100
8 8 144
9 9 154
10 11 164
11 12 174
12 13 184
13 15 194
14 16 204
15 28 269
16 41 339
0 0 10
1 0 20
2 1 30
3 1 49
4 2 69
5 3 79
6 4 98
7 5 108
8 8 136
9 9 146
10 14 187
11 21 243
12 31 310
13 45 400
14 54 453
15 80 605
16 87 641
0 0 10
1 1 20
2 1 40
3 3 82
4 4 92
5 4 102
6 5 112
7 11 178
8 12 188
9 20 259
10 34 379
11 47 487
12 63 607
13 75 690
14 91 792
15 100 846
16 107 879
0 0 10
1 0 20
2 1 49
3 2 59
4 2 69
5 3 79
6 3 89
7 4 99
8 5 109
9 6 119
10 7 129
11 9 139
12 13 171
13 14 181
14 16 191
15 19 211
16 29 267
0 0 10
1 1 20
2 1 30
3 1 40
4 2 50
5 2 60
6 3 70
7 4 80
8 5 90
9 6 100
10 7 110
11 8 120
12 10 130
13 11 140
14 12 150
15 20 192
16 24 220
0 0 10
1 1 20
2 1 30
3 1 40
4 2 50
5 2 60
6 3 70
7 4 80
8 5 90
9 6 100
10 7 110
11 13 158
12 14 168
13 17 188
14 26 243
15 37 312
16 47 369
0 0 10
1 0 30
2 1 40
3 1 59
4 2 69
5 2 79
6 3 89
7 4 99
8 6 119
9 7 129
10 11 163
11 12 173
12 21 239
13 32 314
14 46 402
15 57 469
16 65 509
0 0 10
1 1 20
2 1 30
3 1 40
4 2 50
5 5 99
6 14 219
7 24 335
8 35 450
9 48 578
10 61 698
11 75 813
12 90 921
13 106 1035
14 115 1093
15 127 1161
16 139 1228
0 0 10
1 0 20
2 0 30
3 1 40
4 1 50
5 2 60
6 2 70
7 3 80
8 5 98
9 8 127
10 11 156
11 16 195
12 18 214
13 28 276
14 45 385
15 59 465
16 72 537
0 0 10
1 0 20
2 1 30
3 1 40
4 2 50
5 2 60
6 3 70
7 4 80
8 8 128
9 12 164
10 15 190
11 16 200
12 25 270
13 32 313
14 37 351
15 39 361
16 52 434
0 0 10
1 0 20
2 1 30
3 1 40
4 2 50
5 2 60
6 3 70
7 5 90
8 6 100
9 9 134
10 11 154
11 13 164
12 14 174
13 15 184
14 27 257
15 35 305
16 45 359
0 0 10
1 0 20
2 0 30
3 1 40
4 1 50
5 2 60
6 3 70
7 3 80
8 4 90
9 8 125
10 9 135
11 10 145
12 13 165
13 19 208
14 25 244
15 31 278
16 45 362
0 0 10
1 0 30
2 1 40
3 1 50
4 2 60
5 2 70
6 4 90
7 5 100
8 5 110
9 8 136
10 11 162
11 16 202
12 20 231
13 21 241
14 34 318
15 46 394
16 53 433
0 0 10
1 0 30
2 1 49
3 1 59
4 2 69
5 2 79
6 3 89
7 4 99
8 6 118
9 8 143
10 9 153
11 18 223
12 31 322
13 48 435
14 55 477
15 77 612
16 88 674
0 0 10
1 1 20
2 1 30
3 1 40
4 2 60
5 3 70
6 6 109
7 7 119
8 9 148
9 10 158
10 13 186
11 15 196
12 21 242
13 22 252
14 24 262
15 31 305
16 45 381
0 0 10
1 1 20
2 1 30
3 1 40
4 2 50
5 2 60
6 3 70
7 4 80
8 5 90
9 8 118
10 9 128
11 10 138
12 14 166
13 24 237
14 44 358
15 55 423
16 67 486
0 0 10
1 1 20
2 1 30
3 2 50
4 3 77
5 4 87
6 5 97
7 6 116
8 8 136
9 16 206
10 21 254
11 22 264
12 27 301
13 38 368
14 51 454
15 82 634
16 94 697
0 0 10
1 1 20
2 1 30
3 2 50
4 2 60
5 3 70
6 4 80
7 6 107
8 7 117
9 8 127
10 13 170
11 16 197
12 22 241
13 24 251
14 35 321
15 61 476
16 89 634
0 1 10
1 1 20
2 1 30
3 1 40
4 1 50
5 2 60
6 2 70
7 6 116
8 7 126
9 8 136
10 9 146
11 11 156
12 17 202
13 27 267
14 28 277
15 30 287
16 42 351
0 0 10
1 1 30
2 1 40
3 2 50
4 2 60
5 3 70
6 3 80
7 4 90
8 6 110
9 7 120
10 8 130
11 10 140
12 17 195
13 22 230
14 27 258
15 38 321
16 63 462
0 0 10
1 0 20
2 1 48
3 1 58
4 2 78
5 3 88
6 3 98
7 4 108
8 5 118
9 6 128
10 8 147
11 10 157
12 12 177
13 14 187
14 25 260
15 32 298
16 45 369
0 0 10
1 0 20
2 1 30
3 1 40
4 2 50
5 2 60
6 3 70
7 4 80
8 5 90
9 10 143
10 11 153
11 17 198
12 19 208
13 23 238
14 24 248
15 36 319
0 0 10
1 0 20
2 1 30
3 2 50
4 2 60
5 4 88
6 5 98
7 6 118
8 7 128
9 8 138
10 9 148
11 10 158
12 12 168
13 16 196
14 26 258
15 32 295
16 45 365
0 1 10
1 1 38
2 1 48
3 2 58
4 2 68
5 3 78
6 4 88
7 7 126
8 8 136
9 9 146
10 10 156
11 11 166
12 13 176
13 14 186
14 24 248
15 39 337
16 49 393
0 0 10
1 0 20
2 1 30
3 1 40
4 2 50
5 2 60
6 3 70
7 5 89
8 6 99
9 10 142
10 16 194
11 18 204
12 19 214
13 20 224
14 22 234
15 30 282
16 40 337
0 0 10
1 0 30
2 1 40
3 1 59
4 8 179
5 15 299
6 25 430
7 32 517
8 43 627
9 56 744
10 67 837
11 88 1003
12 106 1133
13 115 1193
14 136 1322
15 144 1370
16 153 1419
0 0 10
1 1 20
2 1 30
3 2 50
4 2 60
5 3 79
6 4 89
7 5 99
8 6 109
9 7 119
10 12 165
11 19 218
12 20 228
13 32 306
14 51 426
15 62 488
16 79 574
0 1 10
1 1 20
2 1 40
3 2 50
4 2 60
5 3 70
6 4 80
7 4 90
8 5 100
9 6 110
10 10 139
11 12 158
12 13 168
13 15 178
14 22 221
15 23 231
16 38 313
0 0 10
1 0 30
2 0 40
3 0 60
4 1 70
5 2 89
6 3 99
7 4 109
8 4 119
9 6 129
10 11 173
11 16 218
12 24 273
13 28 302
14 40 376
15 51 439
16 62 498
0 0 10
1 1 20
2 1 30
3 1 40
4 2 50
5 3 60
6 5 95
7 7 114
8 8 124
9 10 152
10 16 210
11 34 349
12 49 457
13 58 516
14 78 641
15 98 758
16 109 817
0 0 10
1 1 20
2 1 30
3 2 56
4 3 66
5 3 76
6 5 96
7 6 115
8 7 125
9 12 172
10 16 206
11 17 216
12 19 226
13 20 236
14 22 246
15 25 266
16 37 332
0 0 10
1 1 54
2 1 64
3 1 74
4 3 112
5 4 122
6 6 150
7 8 169
8 9 179
9 10 189
10 11 199
11 12 209
12 23 285
13 44 429
14 58 514
15 76 617
16 89 690
0 1 10
1 1 20
2 1 30
3 2 40
4 2 50
5 3 70
6 4 80
7 5 90
8 6 100
9 7 110
10 8 120
11 9 130
12 18 191
13 21 211
14 34 294
15 44 352
16 54 404
0 0 10
1 1 20
2 1 30
3 1 40
4 2 60
5 3 70
6 6 104
7 6 114
8 7 124
9 8 134
10 10 144
11 11 154
12 12 164
13 15 184
14 23 234
15 47 377
16 56 428
0 0 10
1 0 20
2 1 30
3 2 68
4 3 78
5 3 88
6 4 98
7 5 108
8 6 118
9 7 128
10 10 155
11 11 165
12 15 195
13 28 280
14 45 385
15 71 541
16 83 604
0 0 10
1 0 20
2 0 30
3 1 40
4 2 60
5 2 70
6 3 80
7 4 90
8 5 100
9 6 110
10 7 120
11 8 130
12 11 149
13 12 159
14 14 169
15 27 246
16 37 302
0 0 10
1 0 29
2 0 39
3 1 49
4 1 59
5 2 69
6 3 79
7 3 89
8 4 109
9 8 147
10 9 157
11 10 167
12 11 177
13 21 242
14 43 379
15 61 489
16 81 593
0 0 10
1 0 20
2 1 30
3 1 40
4 2 50
5 2 60
6 3 70
7 4 80
8 5 90
9 7 110
10 9 130
11 13 159
12 14 169
13 15 179
14 29 264
15 40 326
16 49 374
0 0 10
1 0 20
2 1 30
3 1 40
4 2 50
5 3 70
6 4 80
7 4 90
8 10 152
9 13 172
10 15 192
11 23 258
12 33 323
13 46 410
14 63 521
15 89 671
16 102 745
0 0 10
1 0 20
2 0 30
3 1 40
4 1 50
5 2 60
6 3 79
7 4 89
8 7 118
9 9 138
10 10 148
11 12 168
12 23 242
13 32 305
14 53 433
15 62 487
16 75 557
0 0 10
1 0 20
2 0 30
3 1 40
4 1 50
5 2 70
6 3 80
7 7 124
8 18 239
9 32 369
10 38 415
11 44 461
12 52 516
13 62 582
14 73 650
15 94 773
16 102 814
0 0 10
1 1 20
2 1 30
3 3 76
4 5 114
5 6 124
6 6 134
7 9 168
8 10 178
9 11 188
10 12 198
11 15 218
12 21 262
13 26 300
14 36 357
15 49 437
16 75 578
0 0 10
1 1 20
2 1 30
3 1 40
4 2 50
5 2 60
6 3 70
7 9 134
8 11 154
9 12 164
10 13 174
11 14 184
12 18 211
13 23 246
14 33 309
15 57 452
16 74 541
0 0 10
1 1 20
2 1 30
3 2 50
4 2 60
5 3 80
6 4 90
7 5 100
8 7 120
9 11 157
10 12 167
11 17 206
12 18 216
13 22 243
14 35 322
15 48 399
16 67 504
0 0 10
1 0 20
2 1 30
3 1 40
4 2 50
5 2 60
6 3 70
7 4 80
8 5 90
9 7 110
10 9 130
11 14 169
12 17 189
13 28 260
14 41 343
15 54 420
16 66 482
0 0 10
1 0 20
2 1 30
3 1 40
4 2 60
5 5 107
6 6 117
7 8 137
8 8 147
9 9 157
10 16 220
11 31 332
12 51 480
13 72 619
14 93 753
15 107 829
16 119 895
0 0 10
1 1 20
2 1 30
3 2 57
4 2 67
5 3 77
6 4 87
7 8 138
8 9 148
9 10 158
10 14 187
11 23 256
12 36 354
13 57 495
14 80 639
15 106 792
16 119 861
0 0 10
1 1 20
2 1 30
3 1 40
4 2 50
5 3 60
6 6 105
7 7 115
8 8 125
9 9 135
10 10 145
11 11 155
12 12 165
13 16 192
14 18 202
15 30 273
16 43 344
0 0 10
1 0 20
2 1 30
3 1 40
4 2 50
5 2 60
6 3 70
7 4 80
8 5 90
9 6 100
10 8 120
11 9 130
12 11 140
13 12 150
14 14 160
15 27 236
16 49 361
0 0 10
1 0 20
2 0 30
3 1 40
4 1 50
5 2 60
6 3 70
7 3 80
8 8 133
9 13 176
10 14 186
11 17 206
12 18 216
13 19 226
14 21 236
15 33 304
16 43 362
0 0 10
1 0 20
2 0 30
3 1 40
4 1 50
5 2 60
6 3 70
7 3 80
8 6 111
9 7 121
10 10 141
11 11 151
12 19 205
13 31 287
14 57 451
15 77 571
16 89 633
0 0 10
1 0 20
2 1 30
3 1 40
4 2 50
5 3 70
6 6 116
7 7 126
8 8 136
9 13 180
10 20 237
11 29 306
12 30 316
13 36 355
14 45 408
15 56 473
16 66 526
0 1 10
1 1 20
2 1 30
3 2 40
4 2 50
5 3 60
6 3 70
7 6 99
8 7 109
9 8 119
10 9 129
11 12 157
12 21 221
13 33 297
14 53 427
15 67 504
16 77 559
0 0 10
1 0 20
2 1 40
3 1 50
4 2 60
5 3 84
6 4 94
7 5 104
8 6 114
9 9 144
10 16 207
11 18 217
12 21 245
13 24 265
14 33 318
15 42 372
16 51 420
0 0 10
1 0 20
2 1 40
3 2 60
4 2 70
5 3 80
6 3 90
7 6 118
8 7 128
9 8 138
10 9 148
11 10 158
12 11 168
13 13 178
14 25 255
15 40 338
16 59 442
0 0 10
1 0 20
2 0 40
3 1 50
4 1 60
5 2 70
6 3 80
7 3 90
8 4 100
9 5 110
10 9 139
11 12 166
12 15 186
13 16 196
14 18 206
15 21 226
16 34 297
