0 10
1 20
2 30
3 40
4 50
5 60
6 70
7 90
8 100
9 120
10 140
11 260
12 410
13 530
14 670
15 790
16 940
0 10
1 20
2 30
3 40
4 50
5 60
6 70
7 90
8 100
9 120
10 130
11 140
12 160
13 170
14 290
15 490
16 610
0 10
1 30
2 40
3 50
4 60
5 70
6 100
7 110
8 120
9 150
10 220
11 240
12 280
13 300
14 370
15 380
16 500
0 10
1 20
2 30
3 40
4 50
5 60
6 70
7 90
8 100
9 120
10 140
11 150
12 230
13 250
14 260
15 300
16 420
0 10
1 30
2 40
3 50
4 60
5 70
6 90
7 100
8 110
9 190
10 200
11 210
12 230
13 270
14 390
15 540
16 660
0 10
1 20
2 30
3 40
4 50
5 60
6 70
7 80
8 90
9 100
10 120
11 200
12 240
13 250
14 270
15 290
16 410
0 10
1 20
2 30
3 40
4 50
5 130
6 140
7 160
8 190
9 200
10 210
11 220
12 260
13 270
14 300
15 340
16 410
0 10
1 20
2 30
3 40
4 50
5 60
6 70
7 80
8 100
9 110
10 120
11 160
12 170
13 180
14 210
15 230
16 260
0 10
1 20
2 30
3 40
4 50
5 60
6 80
7 90
8 100
9 110
10 130
11 250
12 400
13 520
14 660
15 780
16 1010
0 10
1 20
2 30
3 40
4 60
5 70
6 90
7 150
8 170
9 180
10 220
11 230
12 240
13 340
14 360
15 410
16 530
0 10
1 20
2 30
3 60
4 70
5 80
6 90
7 100
8 110
9 120
10 130
11 140
12 200
13 210
14 250
15 370
16 490
0 10
1 30
2 40
3 50
4 70
5 100
6 110
7 120
8 130
9 140
10 150
11 210
12 220
13 270
14 320
15 370
16 490
0 10
1 20
2 30
3 40
4 50
5 60
6 70
7 80
8 90
9 110
10 130
11 150
12 170
13 230
14 240
15 360
16 370
0 10
1 20
2 30
3 50
4 60
5 110
6 120
7 130
8 140
9 170
10 190
11 280
12 300
13 330
14 450
15 570
16 750
0 10
1 20
2 30
3 40
4 50
5 60
6 70
7 80
8 90
9 100
10 110
11 120
12 130
13 140
14 170
15 180
16 300
0 10
1 30
2 40
3 50
4 60
5 70
6 90
7 100
8 110
9 120
10 140
11 150
12 180
13 190
14 210
15 330
16 450
0 10
1 20
2 30
3 40
4 50
5 60
6 80
7 90
8 130
9 150
10 160
11 180
12 210
13 300
14 320
15 330
16 450
0 10
1 20
2 50
3 60
4 80
5 90
6 100
7 120
8 140
9 170
10 180
11 220
12 230
13 240
14 360
15 540
16 720
0 10
1 20
2 30
3 40
4 50
5 60
6 70
7 100
8 110
9 120
10 130
11 140
12 260
13 420
14 540
15 660
16 800
0 10
1 20
2 30
3 40
4 60
5 80
6 90
7 100
8 110
9 130
10 140
11 170
12 180
13 190
14 240
15 350
16 450
0 10
1 20
2 30
3 50
4 70
5 100
6 110
7 120
8 140
9 150
10 180
11 220
12 230
13 270
14 280
15 290
16 410
0 10
1 20
2 30
3 40
4 50
5 60
6 80
7 90
8 100
9 110
10 130
11 170
12 250
13 280
14 340
15 360
16 480
0 10
1 20
2 30
3 40
4 60
5 70
6 80
7 90
8 190
9 230
10 240
11 250
12 270
13 280
14 370
15 490
16 710
0 10
1 20
2 30
3 40
4 80
5 90
6 100
7 110
8 120
9 180
10 220
11 230
12 260
13 270
14 300
15 310
16 350
0 10
1 20
2 30
3 40
4 50
5 60
6 70
7 80
8 120
9 140
10 160
11 170
12 190
13 220
14 230
15 350
16 530
0 10
1 20
2 30
3 50
4 60
5 80
6 90
7 100
8 110
9 140
10 160
11 190
12 200
13 270
14 390
15 520
16 640
0 10
1 20
2 40
3 60
4 70
5 80
6 100
7 120
8 130
9 140
10 150
11 160
12 170
13 210
14 290
15 310
16 430
0 10
1 20
2 30
3 40
4 50
5 60
6 80
7 90
8 120
9 140
10 150
11 170
12 180
13 190
14 230
15 280
16 400
0 10
1 20
2 30
3 70
4 80
5 120
6 190
7 200
8 220
9 230
10 240
11 250
12 320
13 330
14 340
15 460
16 600
0 10
1 30
2 40
3 50
4 60
5 120
6 140
7 180
8 210
9 220
10 230
11 270
12 380
13 390
14 400
15 440
16 560
0 10
1 20
2 30
3 40
4 50
5 60
6 100
7 110
8 130
9 140
10 150
11 160
12 180
13 190
14 260
15 380
16 500
0 10
1 20
2 30
3 40
4 50
5 60
6 70
7 80
8 110
9 120
10 130
11 150
12 180
13 190
14 200
15 220
16 240
0 10
1 40
2 50
3 60
4 70
5 110
6 160
7 170
8 180
9 190
10 200
11 210
12 230
13 270
14 340
15 440
16 480
0 10
1 20
2 30
3 40
4 50
5 60
6 70
7 80
8 90
9 110
10 120
11 130
12 150
13 160
14 180
15 220
16 340
0 10
1 20
2 30
3 40
4 50
5 70
6 90
7 100
8 120
9 130
10 140
11 160
12 200
13 210
14 230
15 350
16 530
0 10
1 20
2 30
3 40
4 50
5 60
6 80
7 90
8 100
9 110
10 120
11 150
12 230
13 240
14 290
15 300
16 350
0 10
1 20
2 30
3 40
4 50
5 60
6 70
7 100
8 110
9 120
10 130
11 150
12 160
13 180
14 290
15 410
16 530
0 10
1 20
2 30
3 40
4 50
5 60
6 70
7 80
8 90
9 100
10 110
11 120
12 140
13 150
14 250
15 260
16 380
0 10
1 20
2 30
3 40
4 50
5 60
6 120
7 130
8 160
9 170
10 180
11 190
12 210
13 230
14 320
15 440
16 620
0 10
1 20
2 30
3 40
4 60
5 70
6 80
7 90
8 110
9 160
10 170
11 190
12 200
13 220
14 240
15 360
16 500
0 10
1 20
2 30
3 50
4 60
5 70
6 90
7 100
8 110
9 120
10 130
11 140
12 160
13 190
14 310
15 460
16 580
0 10
1 20
2 30
3 60
4 80
5 90
6 100
7 110
8 130
9 140
10 150
11 160
12 190
13 300
14 310
15 420
16 540
0 10
1 20
2 30
3 40
4 50
5 60
6 70
7 80
8 90
9 100
10 120
11 130
12 170
13 180
14 250
15 260
16 380
0 10
1 20
2 30
3 40
4 50
5 60
6 80
7 90
8 100
9 110
10 120
11 130
12 150
13 210
14 310
15 370
16 490
0 10
1 40
2 60
3 70
4 80
5 90
6 100
7 110
8 130
9 170
10 180
11 190
12 200
13 260
14 380
15 600
16 720
0 10
1 20
2 30
3 70
4 100
5 110
6 120
7 140
8 150
9 270
10 290
11 310
12 350
13 380
14 440
15 560
16 700
0 10
1 20
2 30
3 40
4 50
5 60
6 70
7 80
8 100
9 110
10 130
11 170
12 180
13 190
14 200
15 320
16 440
0 10
1 30
2 40
3 50
4 60
5 70
6 80
7 90
8 130
9 180
10 190
11 200
12 270
13 360
14 420
15 490
16 610
0 10
1 20
2 30
3 40
4 50
5 70
6 80
7 100
8 120
9 150
10 190
11 200
12 220
13 320
14 370
15 490
16 700
0 10
1 20
2 30
3 40
4 50
5 70
6 80
7 90
8 100
9 110
10 120
11 130
12 140
13 180
14 200
15 300
16 420
0 10
1 30
2 40
3 50
4 70
5 80
6 90
7 100
8 110
9 130
10 140
11 160
12 170
13 200
14 280
15 360
16 430
0 10
1 20
2 30
3 40
4 50
5 70
6 100
7 110
8 130
9 150
10 160
11 190
12 240
13 260
14 310
15 320
16 340
0 10
1 30
2 40
3 50
4 60
5 70
6 80
7 90
8 100
9 120
10 130
11 150
12 160
13 180
14 200
15 250
16 350
0 10
1 40
2 50
3 60
4 120
5 140
6 150
7 160
8 180
9 190
10 200
11 230
12 240
13 270
14 390
15 540
16 750
0 10
1 20
2 30
3 40
4 50
5 60
6 70
7 80
8 90
9 120
10 140
11 160
12 190
13 290
14 310
15 320
16 440
0 10
1 20
2 30
3 40
4 50
5 60
6 70
7 80
8 90
9 100
10 130
11 160
12 230
13 240
14 250
15 260
16 290
0 10
1 20
2 30
3 40
4 50
5 60
6 70
7 90
8 110
9 120
10 130
11 160
12 200
13 230
14 350
15 470
16 720
0 10
1 20
2 30
3 40
4 50
5 90
6 130
7 150
8 160
9 170
10 180
11 190
12 200
13 210
14 230
15 250
16 280
0 10
1 20
2 30
3 40
4 50
5 60
6 70
7 80
8 100
9 110
10 120
11 180
12 220
13 320
14 330
15 430
16 550
0 10
1 20
2 30
3 40
4 50
5 60
6 70
7 80
8 90
9 110
10 120
11 140
12 170
13 180
14 230
15 340
16 460
0 10
1 20
2 30
3 40
4 50
5 60
6 70
7 80
8 90
9 100
10 110
11 120
12 140
13 160
14 170
15 240
16 360
0 10
1 30
2 40
3 50
4 60
5 80
6 90
7 120
8 150
9 160
10 180
11 190
12 200
13 240
14 250
15 370
16 490
0 10
1 30
2 40
3 50
4 60
5 70
6 80
7 100
8 110
9 140
10 170
11 180
12 190
13 200
14 250
15 290
16 410
0 10
1 20
2 30
3 40
4 50
5 70
6 80
7 90
8 100
9 140
10 180
11 210
12 230
13 290
14 300
15 420
16 540
0 10
1 20
2 30
3 40
4 50
5 60
6 70
7 80
8 90
9 110
10 140
11 150
12 160
13 270
14 280
15 390
16 420
0 10
1 20
2 30
3 40
4 50
5 60
6 70
7 80
8 90
9 110
10 140
11 160
12 170
13 290
14 410
15 580
16 780
0 10
1 20
2 30
3 40
4 50
5 60
6 90
7 100
8 120
9 130
10 150
11 180
12 190
13 210
14 230
15 250
16 330
0 10
1 20
2 30
3 40
4 50
5 60
6 70
7 110
8 120
9 140
10 150
11 230
12 250
13 260
14 300
15 420
16 640
0 10
1 20
2 30
3 40
4 50
5 60
6 70
7 80
8 90
9 110
10 120
11 150
12 160
13 170
14 240
15 250
16 370
0 0 10
1 0 20
2 1 30
3 2 50
4 2 60
5 3 70
6 3 80
7 4 90
8 6 110
9 8 130
10 10 150
11 12 160
12 13 170
13 30 290
14 50 420
15 84 630
16 105 750
0 0 10
1 0 30
2 1 40
3 1 50
4 3 70
5 3 80
6 4 90
7 5 100
8 6 110
9 8 120
10 9 130
11 11 140
12 12 150
13 33 270
14 63 420
15 88 540
16 120 680
0 0 10
1 0 20
2 0 30
3 1 40
4 2 70
5 4 100
6 5 120
7 6 140
8 7 150
9 8 160
10 9 170
11 10 180
12 12 190
13 19 240
14 20 250
15 40 370
16 60 490
0 0 10
1 0 20
2 1 30
3 1 40
4 2 50
5 4 90
6 6 110
7 7 130
8 14 200
9 15 210
10 16 220
11 18 240
12 21 260
13 38 380
14 56 500
15 80 650
16 116 860
0 0 10
1 0 20
2 1 40
3 1 50
4 3 80
5 3 90
6 4 100
7 6 130
8 7 140
9 9 160
10 10 170
11 12 180
12 13 190
13 14 200
14 22 250
15 41 370
16 67 520
0 0 10
1 1 20
2 1 30
3 2 40
4 2 50
5 3 60
6 4 70
7 5 80
8 6 90
9 8 100
10 11 120
11 18 170
12 25 210
13 27 220
14 44 310
15 69 430
16 114 630
0 0 10
1 0 20
2 1 30
3 1 40
4 1 50
5 2 60
6 3 70
7 4 80
8 5 90
9 7 110
10 12 160
11 15 180
12 20 220
13 23 240
14 26 260
15 40 350
16 61 470
0 0 10
1 0 20
2 1 50
3 1 60
4 2 70
5 3 80
6 3 90
7 6 120
8 7 130
9 9 150
10 13 190
11 14 200
12 17 220
13 24 270
14 42 390
15 73 580
16 94 700
0 0 10
1 0 20
2 0 30
3 1 40
4 2 60
5 4 90
6 4 100
7 7 130
8 10 170
9 11 180
10 12 190
11 14 200
12 18 230
13 22 260
14 39 370
15 58 490
16 79 610
0 0 10
1 0 20
2 0 30
3 1 40
4 1 50
5 4 90
6 4 100
7 4 110
8 5 120
9 6 130
10 7 140
11 13 190
12 20 240
13 21 250
14 24 270
15 33 320
16 53 440
0 1 10
1 1 20
2 1 30
3 2 50
4 3 60
5 3 70
6 4 80
7 5 90
8 8 130
9 12 170
10 16 200
11 17 210
12 18 220
13 25 270
14 43 390
15 64 520
16 85 640
0 0 10
1 0 20
2 1 30
3 1 40
4 2 50
5 2 60
6 4 80
7 5 90
8 5 100
9 6 110
10 9 130
11 11 150
12 19 210
13 22 230
14 26 260
15 28 270
16 33 300
0 0 10
1 0 20
2 0 30
3 1 50
4 2 60
5 3 70
6 4 80
7 4 90
8 5 100
9 7 110
10 12 150
11 20 210
12 23 230
13 26 250
14 46 370
15 70 490
16 93 610
0 0 10
1 0 20
2 1 30
3 1 40
4 2 50
5 2 60
6 4 80
7 5 90
8 7 110
9 8 120
10 9 130
11 12 150
12 18 190
13 21 210
14 23 220
15 37 310
16 44 350
0 1 10
1 1 30
2 2 40
3 2 50
4 2 60
5 4 90
6 5 100
7 6 110
8 8 130
9 9 140
10 12 170
11 14 190
12 15 200
13 16 210
14 28 290
15 48 410
16 69 530
0 1 10
1 1 20
2 1 30
3 2 40
4 2 50
5 3 60
6 4 70
7 4 80
8 7 110
9 10 130
10 11 140
11 14 160
12 16 180
13 27 250
14 28 260
15 48 380
16 83 580
0 0 10
1 0 20
2 1 30
3 1 40
4 2 50
5 3 70
6 4 80
7 4 90
8 5 100
9 8 130
10 9 140
11 11 150
12 12 160
13 29 280
14 47 400
15 75 570
16 97 700
0 0 10
1 0 20
2 1 30
3 2 50
4 3 70
5 3 80
6 4 90
7 5 100
8 7 120
9 8 130
10 11 160
11 23 260
12 28 300
13 31 320
14 39 370
15 45 410
16 66 530
0 0 10
1 0 20
2 1 30
3 1 40
4 2 50
5 2 60
6 3 70
7 5 90
8 6 110
9 7 120
10 15 190
11 18 210
12 19 220
13 23 250
14 28 280
15 36 330
16 57 450
0 0 10
1 0 20
2 0 30
3 1 40
4 1 50
5 2 60
6 3 70
7 3 80
8 4 90
9 6 110
10 7 120
11 9 130
12 15 180
13 18 200
14 29 270
15 34 300
16 54 420
0 0 10
1 1 40
2 1 50
3 2 70
4 3 80
5 3 90
6 4 100
7 5 110
8 6 120
9 7 130
10 8 140
11 13 180
12 18 220
13 25 270
14 30 300
15 49 420
16 70 540
0 0 10
1 0 30
2 0 40
3 1 50
4 1 60
5 2 70
6 3 80
7 3 90
8 4 100
9 5 110
10 6 120
11 8 130
12 9 140
13 16 190
14 24 240
15 27 260
16 48 380
0 0 10
1 0 20
2 1 40
3 1 50
4 5 120
5 6 130
6 7 150
7 8 160
8 9 170
9 11 190
10 12 200
11 14 220
12 16 230
13 24 290
14 33 350
15 53 470
16 74 590
0 0 10
1 1 20
2 1 30
3 3 80
4 4 100
5 4 110
6 5 120
7 6 130
8 7 140
9 8 150
10 10 170
11 14 200
12 30 320
13 32 340
14 35 360
15 52 460
16 72 580
0 0 10
1 0 20
2 1 40
3 1 50
4 2 60
5 3 70
6 4 90
7 5 100
8 6 110
9 7 120
10 8 130
11 10 150
12 12 160
13 19 210
14 20 220
15 40 340
16 61 460
0 0 10
1 1 20
2 1 30
3 1 40
4 2 60
5 3 70
6 4 80
7 4 90
8 5 100
9 8 130
10 17 210
11 18 220
12 21 240
13 27 280
14 45 400
15 66 530
16 101 730
0 0 10
1 0 20
2 1 30
3 1 40
4 2 60
5 3 70
6 4 90
7 5 100
8 6 110
9 9 130
10 10 140
11 15 180
12 21 220
13 24 240
14 27 260
15 29 270
16 52 390
0 0 10
1 0 20
2 0 30
3 1 40
4 1 50
5 2 60
6 3 70
7 4 80
8 5 90
9 6 100
10 7 110
11 18 180
12 19 190
13 24 220
14 30 260
15 36 290
16 38 300
0 0 10
1 0 20
2 0 30
3 1 40
4 2 50
5 3 60
6 3 70
7 5 90
8 7 100
9 8 110
10 10 130
11 12 140
12 22 210
13 34 280
14 54 400
15 91 610
16 120 760
0 0 10
1 0 20
2 0 30
3 1 40
4 1 50
5 3 70
6 4 80
7 6 110
8 8 120
9 10 140
10 11 150
11 14 170
12 15 180
13 19 200
14 21 210
15 42 330
16 64 450
0 0 10
1 0 20
2 0 30
3 1 40
4 2 50
5 3 60
6 3 70
7 5 90
8 6 100
9 7 110
10 10 130
11 12 140
12 13 150
13 21 200
14 30 250
15 51 370
16 73 490
