0.272805
0.272833
0.272860
0.272887
0.272914
0.272940
0.272966
0.272992
0.273017
0.273042
0.273067
0.273091
0.273115
0.273139
0.273162
0.273185
0.273207
0.273229
0.273251
0.273272
0.273293
0.273314
0.273334
0.273353
0.273372
0.273391
0.273409
0.273427
0.273445
0.273462
0.273478
0.273494
0.273509
0.273524
0.273539
0.273553
0.273566
0.273579
0.273592
0.273604
0.273615
0.273626
0.273637
0.273647
0.273656
0.273665
0.273673
0.273681
0.273688
0.273695
0.273701
0.273706
0.273711
0.273716
0.273720
0.273723
0.273726
0.273728
0.273730
0.273731
0.273732
0.273732
0.273731
0.273730
0.273728
0.273726
0.273723
0.273719
0.273715
0.273711
0.273706
0.273700
0.273694
0.273687
0.273679
0.273672
0.273663
0.273654
0.273644
0.273634
0.273623
0.273612
0.273600
0.273588
0.273575
0.273561
0.273547
0.273532
0.273517
0.273502
0.273485
0.273469
0.273452
0.273434
0.273415
0.273397
0.273377
0.273357
0.273337
0.273316
0.273295
0.273273
0.273251
0.273228
0.273205
0.273181
0.273157
0.273132
0.273107
0.273082
0.273056
0.273029
0.273003
0.272975
0.272948
0.272919
0.272891
0.272862
0.272833
0.272803
0.272773
0.272742
0.272711
0.272680
0.272648
0.272616
0.272584
0.272551
0.272518
0.272485
0.272451
0.272417
0.272383
0.272348
0.272313
0.272278
0.272242
0.272206
0.272170
0.272134
0.272097
0.272060
0.272023
0.271985
0.271948
0.271910
0.271871
0.271833
0.271794
0.271755
0.271716
0.271677
0.271637
0.271598
0.271558
0.271518
0.271477
0.271437
0.271396
0.271355
0.271314
0.271273
0.271232
0.271190
0.271149
0.271107
0.271065
0.271023
0.270980
0.270938
0.270895
0.270853
0.270810
0.270767
0.270724
0.270681
0.270638
0.270594
0.270551
0.270507
0.270463
0.270419
0.270375
0.270331
0.270287
0.270243
0.270198
0.270154
0.270109
0.270064
0.270019
0.269974
0.269929
0.269884
0.269839
0.269793
0.269747
0.269702
0.269656
0.269610
0.269564
0.269517
0.269471
0.269424
0.269377
0.269330
0.269283
0.269236
0.269189
0.269141
0.269093
0.269045
0.268997
0.268949
0.268900
0.268852
0.268803
0.268753
0.268704
0.268654
0.268604
0.268554
0.268504
0.268453
0.268402
0.268351
0.268299
0.268247
0.268195
0.268142
0.268089
0.268036
0.267983
0.267929
0.267874
0.267820
0.267765
0.267709
0.267653
0.267597
0.267540
0.267483
0.267425
0.267367
0.267308
0.267249
0.267190
0.267129
0.267069
0.267007
0.266946
0.266883
0.266820
0.266757
0.266693
0.266628
0.266562
0.266496
0.266429
0.266362
0.266294
0.266225
0.266156
0.266085
0.266014
0.265943
0.265870
0.265797
0.265723
0.265648
0.265572
0.265496
0.265418
0.265340
0.265261
0.265181
0.265100
0.265019
0.264936
0.264852
0.264768
0.264682
0.264596
0.264508
0.264420
0.264331
0.264240
0.264149
0.264056
0.263963
0.263868
0.263773
0.263676
0.263578
0.263479
0.263379
0.263278
0.263176
0.263073
0.262969
0.262863
0.262756
0.262648
0.262539
0.262429
0.262318
0.262205
0.262092
0.261977
0.261861
0.261743
0.261625
0.261505
0.261384
0.261262
0.261139
0.261014
0.260889
0.260762
0.260634
0.260504
0.260374
0.260242
0.260109
0.259975
0.259839
0.259703
0.259565
0.259426
0.259286
0.259144
0.259002
0.258858
0.258713
0.258567
0.258420
0.258272
0.258122
0.257972
0.257820
0.257667
0.257513
0.257358
0.257202
0.257045
0.256887
0.256728
0.256567
0.256406
0.256244
0.256081
0.255917
0.255751
0.255585
0.255418
0.255251
0.255082
0.254913
0.254742
0.254571
0.254399
0.254226
0.254053
0.253879
0.253704
0.253529
0.253353
0.253176
0.252998
0.252821
0.252642
0.252463
0.252284
0.252104
0.251924
0.251743
0.251562
0.251381
0.251199
0.251017
0.250835
0.250652
0.250470
0.250287
0.250104
0.249922
0.249739
0.249556
0.249373
0.249190
0.249008
0.248825
0.248643
0.248461
0.248279
0.248097
0.247916
0.247735
0.247555
0.247375
0.247196
0.247017
0.246838
0.246661
0.246484
0.246307
0.246132
0.245957
0.245783
0.245610
0.245438
0.245267
0.245096
0.244927
0.244759
0.244592
0.244427
0.244262
0.244099
0.243937
0.243777
0.243617
0.243460
0.243304
0.243149
0.242996
0.242844
0.242695
0.242546
0.242400
0.242256
0.242113
0.241972
0.241833
0.241697
0.241562
0.241429
0.241298
0.241170
0.241044
0.240920
0.240798
0.240678
0.240561
0.240447
0.240334
0.240225
0.240118
0.240013
0.239911
0.239812
0.239715
0.239621
0.239530
0.239442
0.239357
0.239274
0.239195
0.239118
0.239045
0.238974
0.238907
0.238842
0.238781
0.238723
0.238669
0.238617
0.238569
0.238524
0.238483
0.238445
0.238410
0.238379
0.238351
0.238327
0.238306
0.238289
0.238275
0.238265
0.238259
0.238257
0.238258
0.238262
0.238271
0.238283
0.238299
0.238319
0.238343
0.238371
0.238402
0.238438
0.238477
0.238520
0.238567
0.238618
0.238673
0.238732
0.238795
0.238862
0.238933
0.239008
0.239087
0.239171
0.239258
0.239349
0.239445
0.239544
0.239647
0.239755
0.239867
0.239983
0.240102
0.240226
0.240354
0.240487
0.240623
0.240763
0.240908
0.241056
0.241209
0.241365
0.241526
0.241691
0.241860
0.242033
0.242210
0.242390
0.242575
0.242764
0.242957
0.243154
0.243355
0.243560
0.243769
0.243981
0.244198
0.244418
0.244643
0.244871
0.245103
0.245339
0.245578
0.245821
0.246068
0.246319
0.246574
0.246832
0.247093
0.247359
0.247627
0.247900
0.248176
0.248455
0.248738
0.249024
0.249314
0.249607
0.249904
0.250203
0.250506
0.250813
0.251122
0.251435
0.251750
0.252069
0.252391
0.252716
0.253044
0.253375
0.253708
0.254045
0.254384
0.254726
0.255071
0.255419
0.255769
0.256122
0.256478
0.256836
0.257196
0.257559
0.257924
0.258292
0.258662
0.259035
0.259409
0.259786
0.260165
0.260546
0.260929
0.261314
0.261701
0.262090
0.262480
0.262873
0.263267
0.263663
0.264061
0.264460
0.264861
0.265264
0.265668
0.266073
0.266480
0.266888
0.267298
0.267708
0.268120
0.268533
0.268947
0.269363
0.269779
0.270196
0.270614
0.271033
0.271453
0.271873
0.272294
0.272716
0.273139
0.273562
0.273986
0.274410
0.274834
0.275259
0.275685
0.276110
0.276536
0.276962
0.277389
0.277815
0.278241
0.278668
0.279094
0.279521
0.279947
0.280373
0.280799
0.281225
0.281651
0.282076
0.282501
0.282925
0.283349
0.283772
0.284195
0.284618
0.285040
0.285461
0.285881
0.286301
0.286720
0.287138
0.287555
0.287972
0.288387
0.288802
0.289216
0.289628
0.290040
0.290450
0.290860
0.291268
0.291675
0.292081
0.292485
0.292889
0.293290
0.293691
0.294090
0.294488
0.294884
0.295279
0.295673
0.296065
0.296455
0.296844
0.297231
0.297616
0.298000
0.298382
0.298763
0.299141
0.299518
0.299894
0.300267
0.300638
0.301008
0.301376
0.301742
0.302106
0.302468
0.302828
0.303187
0.303543
0.303897
0.304249
0.304599
0.304948
0.305294
0.305638
0.305979
0.306319
0.306657
0.306992
0.307326
0.307657
0.307986
0.308313
0.308638
0.308960
0.309280
0.309598
0.309914
0.310228
0.310539
0.310848
0.311155
0.311459
0.311761
0.312061
0.312359
0.312654
0.312947
0.313238
0.313527
0.313813
0.314097
0.314378
0.314657
0.314934
0.315209
0.315481
0.315751
0.316019
0.316284
0.316547
0.316807
0.317066
0.317322
0.317576
0.317827
0.318076
0.318323
0.318568
0.318810
0.319050
0.319287
0.319523
0.319756
0.319987
0.320215
0.320442
0.320666
0.320888
0.321107
0.321325
0.321540
0.321753
0.321964
0.322172
0.322379
0.322583
0.322785
0.322985
0.323182
0.323378
0.323571
0.323763
0.323952
0.324139
0.324324
0.324507
0.324688
0.324867
0.325044
0.325219
0.325392
0.325563
0.325731
0.325898
0.326063
0.326226
0.326387
0.326546
0.326704
0.326859
0.327012
0.327164
0.327314
0.327462
0.327608
0.327752
0.327894
0.328035
0.328174
0.328311
0.328447
0.328580
0.328712
0.328843
0.328971
0.329098
0.329224
0.329348
0.329470
0.329590
0.329709
0.329827
0.329943
0.330057
0.330170
0.330281
0.330391
0.330499
0.330606
0.330712
0.330816
0.330919
0.331020
0.331120
0.331218
0.331316
0.331412
0.331506
0.331600
0.331692
0.331783
0.331872
0.331961
0.332048
0.332134
0.332218
0.332302
0.332385
0.332466
0.332546
0.332626
0.332704
0.332781
0.332857
0.332932
0.333006
0.333079
0.333151
0.333222
0.333292
0.333361
0.333429
0.333497
0.333563
0.333629
0.333693
0.333757
0.333820
0.333883
0.333944
0.334005
0.334065
0.334124
0.334183
0.334240
0.334297
0.334354
0.334410
0.334465
0.334519
0.334573
0.334626
0.334679
0.334730
0.334782
0.334833
0.334883
0.334933
0.334982
0.335031
0.335079
0.335127
0.335174
0.335221
0.335268
0.335314
0.335359
0.335405
0.335450
0.335494
0.335538
0.335582
0.335626
0.335669
0.335712
0.335754
0.335797
0.335839
0.335880
0.335922
0.335963
0.336004
0.336045
0.336086
0.336126
0.336167
0.336207
0.336247
0.336287
0.336327
0.336366
0.336406
0.336445
0.336485
0.336524
0.336563
0.336602
0.336642
0.336681
0.336720
0.336759
0.336798
0.336837
0.336876
0.336916
0.336955
0.336994
0.337033
0.337073
0.337112
0.337152
0.337192
0.337231
0.337271
0.337311
0.337351
0.337392
0.337432
0.337473
0.337514
0.337555
0.337596
0.337637
0.337679
0.337720
0.337762
0.337805
0.337847
0.337890
0.337933
0.337976
0.338019
0.338063
0.338107
0.338151
0.338196
0.338241
0.338286
0.338332
0.338377
0.338424
0.338470
0.338517
0.338564
0.338612
0.338660
0.338708
0.338757
0.338806
0.338855
0.338905
0.338955
0.339006
0.339057
0.339108
0.339160
0.339213
0.339265
0.339319
0.339372
0.339426
0.339481
0.339536
0.339591
0.339647
0.339704
0.339761
0.339818
0.339876
0.339934
0.339993
0.340052
0.340112
0.340173
0.340234
0.340295
0.340357
0.340420
0.340483
0.340546
0.340610
0.340675
0.340740
