170 30
167.5 60
170 90
170 120
160 148
151.25 177
166.25 205
153.75 227
157.5 252
157.5 273
151.25 293
137.5 319
170 347
151.25 367
155 395
151.25 418
151.25 442
153.75 468
151.25 492
128.75 517
147.5 547
151.25 572
135 600
145 629
138.75 657
138.75 686
138.75 715
137.5 744
141.25 773
138.75 802
138.75 832
141.25 862
137.5 891
126.25 921
138.75 950
141.25 979
135 1008
126.25 1038
126.25 1068
126.25 1098
126.25 1128
126.25 1158
128.75 1186
128.75 1215
116.25 1245
126.25 1275
126.25 1304
126.25 1333
126.25 1362
138.75 1390
122.5 1419
128.75 1448
126.25 1467
128.75 1497
126.25 1526
122.5 1556
128.75 1586
125 1616
131.25 1646
116.25 1676
131.25 1705
132.5 1733
131.25 1763
112.5 1793
128.75 1823
138.75 1852
135 1875
122.5 1905
122.5 1935
112.5 1965
105 1995
112.5 2025
105 2054
126.25 2084
122.5 2114
116.25 2144
122.5 2173
125 2203
126.25 2233
132.5 2263
125 2292
132.5 2321
126.25 2350
128.75 2380
105 2410
126.25 2440
122.5 2468
122.5 2498
122.5 2528
128.75 2558
122.5 2588
128.75 2618
126.25 2648
128.75 2678
125 2707
138.75 2737
126.25 2766
125 2796
112.5 2824
125 2854
126.25 2884
125 2914
125 2943
126.25 2972
125 3002
131.25 3031
126.25 3060
128.75 3090
116.25 3120
122.5 3150
116.25 3179
122.5 3209
126.25 3239
122.5 3269
122.5 3299
122.5 3329
116.25 3359
116.25 3388
116.25 3418
122.5 3447
116.25 3476
126.25 3506
126.25 3536
116.25 3566
112.5 3596
126.25 3626
122.5 3656
125 3679
126.25 3702
126.25 3728
135 3755
112.5 3774
116.25 3804
116.25 3830
122.5 3860
125 3877
122.5 3906
116.25 3933
126.25 3958
112.5 3987
126.25 4014
122.5 4034
126.25 4064
126.25 4091
125 4119
105 4146
125 4176
126.25 4200
105 4221
128.75 4251
105 4274
125 4302
126.25 4322
112.5 4350
122.5 4367
126.25 4393
126.25 4421
112.5 4440
122.5 4468
126.25 4495
112.5 4523
126.25 4553
122.5 4579
112.5 4605
126.25 4635
128.75 4658
105 4687
116.25 4717
112.5 4744
126.25 4771
125 4794
125 4821
125 4839
131.25 4869
125 4894
126.25 4924
116.25 4953
125 4982
125 5009
116.25 5035
126.25 5065
128.75 5080
125 5108
122.5 5135
112.5 5164
112.5 5194
105 5213
126.25 5243
105 5268
116.25 5295
126.25 5318
112.5 5344
122.5 5366
116.25 5395
116.25 5417
125 5447
105 5467
128.75 5493
105 5521
121.25 5548
105 5578
116.25 5600
105 5630
122.5 5650
116.25 5680
126.25 5706
125 5735
112.5 5759
125 5787
116.25 5810
112.5 5840
105 5867
125 5892
105 5919
125 5948
105 5976
116.25 6005
125 6027
125 6057
122.5 6077
113.75 6107
122.5 6134
126.25 6163
125 6182
125 6210
125 6231
116.25 6259
105 6286
126.25 6313
125 6328
126.25 6356
116.25 6374
112.5 6404
126.25 6434
116.25 6450
105 6480
125 6510
125 6534
122.5 6561
126.25 6588
112.5 6611
125 6639
113.75 6665
122.5 6689
122.5 6715
112.5 6735
122.5 6765
122.5 6788
121.25 6817
125 6844
112.5 6866
116.25 6895
112.5 6914
125 6944
112.5 6970
122.5 7000
116.25 7028
126.25 7058
116.25 7075
122.5 7103
126.25 7130
116.25 7159
116.25 7187
116.25 7217
105 7246
105 7274
122.5 7302
105 7328
116.25 7358
116.25 7381
116.25 7410
113.75 7438
125 7453
125 7483
125 7510
122.5 7536
125 7563
125 7588
116.25 7613
122.5 7643
122.5 7652
125 7682
116.25 7701
116.25 7730
112.5 7760
116.25 7778
112.5 7807
116.25 7837
125 7854
121.25 7884
116.25 7899
121.25 7929
116.25 7959
112.5 7979
125 8009
116.25 8019
116.25 8048
116.25 8076
112.5 8105
125 8135
112.5 8161
105 8191
125 8217
121.25 8245
113.75 8275
112.5 8304
125 8331
125 8355
116.25 8385
125 8413
112.5 8442
125 8465
125 8495
113.75 8518
125 8547
125 8564
112.5 8594
113.75 8616
125 8645
122.5 8655
105 8685
122.5 8705
116.25 8735
116.25 8758
125 8788
105 8813
116.25 8840
105 8867
116.25 8892
105 8921
121.25 8949
116.25 8975
116.25 9005
112.5 9031
112.5 9059
116.25 9087
122.5 9115
105 9141
125 9169
112.5 9190
125 9219
121.25 9244
122.5 9274
116.25 9299
116.25 9327
125 9350
105 9372
116.25 9402
116.25 9427
125 9456
122.5 9471
122.5 9500
125 9524
116.25 9554
122.5 9583
113.75 9600
121.25 9630
116.25 9656
121.25 9684
122.5 9702
121.25 9730
116.25 9757
116.25 9786
105 9815
122.5 9840
116.25 9867
116.25 9897
116.25 9920
116.25 9949
116.25 9965
125 9995
112.5 10019
116.25 10043
116.25 10068
116.25 10098
125 10118
113.75 10148
112.5 10171
116.25 10200
116.25 10230
116.25 10256
122.5 10283
116.25 10312
125 10329
121.25 10356
112.5 10381
122.5 10411
116.25 10435
113.75 10465
116.25 10488
105 10516
116.25 10546
122.5 10576
116.25 10604
116.25 10632
105 10653
116.25 10683
116.25 10711
116.25 10736
125 10766
116.25 10791
122.5 10820
122.5 10842
122.5 10869
116.25 10899
116.25 10916
122.5 10946
113.75 10969
122.5 10999
105 11023
113.75 11053
116.25 11078
112.5 11108
122.5 11136
113.75 11165
112.5 11190
112.5 11220
125 11248
105 11274
125 11302
116.25 11315
116.25 11345
112.5 11369
116.25 11399
125 11425
116.25 11450
112.5 11479
112.5 11508
125 11537
113.75 11561
105 11591
113.75 11618
116.25 11641
116.25 11668
116.25 11690
105 11720
116.25 11742
116.25 11772
116.25 11796
112.5 11826
116.25 11856
113.75 11878
116.25 11908
116.25 11932
116.25 11957
116.25 11983
125 12011
113.75 12038
125 12068
116.25 12080
116.25 12110
125 12139
116.25 12160
105 12189
116.25 12211
116.25 12241
122.5 12269
112.5 12296
116.25 12317
105 12347
112.5 12377
116.25 12397
116.25 12424
112.5 12452
116.25 12471
116.25 12501
105 12526
116.25 12552
112.5 12578
116.25 12599
116.25 12629
122.5 12654
116.25 12679
116.25 12707
116.25 12725
116.25 12754
105 12779
105 12809
116.25 12835
125 12865
116.25 12883
113.75 12913
112.5 12938
112.5 12955
116.25 12985
116.25 13002
122.5 13032
113.75 13047
112.5 13077
112.5 13103
122.5 13133
112.5 13156
112.5 13186
113.75 13210
116.25 13237
116.25 13265
116.25 13293
113.75 13321
105 13351
112.5 13377
