0 32 800 7.60439
1 44 1373 41.9448
2 60 1883 65.0782
3 77 2297 127.203
4 86 2491 289.286
5 96 2646 431.569
6 113 2883 487.238
7 137 3184 562.531
8 152 3349 652.825
0 6 561 49.0366
1 15 998 98.0018
2 26 1359 137.645
3 39 1679 185.255
4 49 1865 389.919
5 58 2020 525.938
6 67 2145 608.351
7 80 2302 674.799
8 95 2458 981.907
0 11 1133 3.51237
1 37 2387 4.82339
2 66 3352 10.3461
3 84 3778 85.2814
4 95 4001 275.908
5 104 4137 417.82
6 117 4325 524.044
7 129 4472 563.792
8 139 4584 681.772
0 8 749 7.43839
1 24 1560 9.45069
2 32 1800 92.9092
3 45 2136 162.445
4 55 2328 330.721
5 67 2518 450.138
6 80 2705 504.516
7 91 2840 567.223
8 123 3179 619.688
0 7 600 4.40805
1 20 1250 8.21971
2 32 1669 83.6668
3 47 2031 139.862
4 55 2181 606.816
5 63 2312 654.16
6 72 2434 797.438
7 81 2541 827.235
8 91 2652 875.256
0 7 764 11.8513
1 21 1424 21.8812
2 39 1993 56.3388
3 48 2219 170.166
4 58 2403 360.041
5 66 2545 550.916
6 81 2752 624.497
7 114 3154 661.087
8 127 3295 758.924
0 10 963 4.099
1 31 1991 7.907
2 44 2434 89.8484
3 63 2873 118.742
4 81 3199 274.529
5 94 3411 462.065
6 103 3534 603.85
7 126 3814 626.771
8 138 3954 726.446
0 6 530 45.6201
1 15 900 152.425
2 24 1176 209.859
3 32 1370 292.38
4 41 1548 475.974
5 52 1732 659.181
6 60 1847 791.994
7 74 2010 946
8 92 2213 927.251
0 10 851 7.15379
1 24 1521 21.7718
2 31 1770 50.9465
3 41 2017 206.747
4 51 2186 404.304
5 60 2343 616.008
6 69 2470 738.912
7 76 2540 1393.4
8 90 2699 1060.58
0 9 899 12.5205
1 18 1310 90.5618
2 35 1880 105.407
3 46 2150 203.131
4 55 2334 365.905
5 66 2504 500.208
6 74 2623 621.893
7 92 2843 652.145
8 102 2950 780.562
0 12 1197 2.71256
1 36 2397 4.96407
2 48 2795 38.0146
3 58 3029 157.083
4 68 3219 309.867
5 79 3409 479.132
6 96 3648 517.496
7 107 3783 627.244
8 119 3913 748.832
0 9 805 18.0105
1 22 1443 21.0353
2 41 2073 30.2378
3 56 2442 110.422
4 83 2962 127.641
5 94 3150 284.416
6 108 3349 344.51
7 125 3552 405.449
8 135 3660 670.476
0 10 900 4.07704
1 15 1150 78.4666
2 24 1457 119.197
3 34 1696 159.479
4 42 1866 322.355
5 51 2007 506.554
6 60 2141 655.419
7 74 2306 711.679
8 81 2378 878.361
0 3 250 57.2153
1 11 645 73.7986
2 21 967 165.905
3 37 1351 211.786
4 47 1548 378.55
5 56 1689 549.297
6 70 1888 629.418
7 91 2148 804.522
8 100 2240 902.721
0 9 795 18.8757
1 22 1461 31.478
2 34 1856 65.0611
3 44 2106 135.248
4 63 2473 251.061
5 77 2700 496.127
6 92 2905 565.441
7 103 3043 651.61
8 111 3137 741.716
0 8 750 4.63497
1 19 1300 20.7441
2 40 1975 35.2997
3 66 2633 45.9179
4 77 2853 175.928
5 102 3220 273.604
6 115 3412 388.399
7 133 3633 422.455
8 153 3856 477.379
0 12 1198 2.11503
1 23 1678 71.9549
2 35 2087 108.709
3 50 2448 176.524
4 59 2620 350.467
5 70 2813 457.986
6 84 3001 551.068
7 94 3125 631.086
8 103 3228 737.486
0 6 598 14.7974
1 15 1046 46.2797
2 30 1500 95.9272
3 40 1736 136.975
4 49 1928 273.991
5 69 2245 379.622
6 82 2435 494.684
7 93 2571 687.332
8 112 2779 770.706
0 12 1199 2.06506
1 26 1899 4.31694
2 54 2794 9.63455
3 67 3101 123.179
4 76 3283 340.887
5 87 3463 459.512
6 98 3621 523.7
7 114 3822 575.675
8 143 4123 816.748
0 5 400 16.1316
1 12 750 20.4836
2 19 999 116.169
3 30 1275 235.062
4 41 1481 398.274
5 49 1610 682.239
6 59 1751 770.402
7 78 1987 793.175
8 87 2085 902.964
0 6 600 11.6875
1 15 1048 30.6718
2 22 1290 115.871
3 35 1602 188.203
4 44 1785 392.693
5 53 1938 509.366
6 63 2068 605.528
7 74 2208 678.074
8 83 2306 1001.07
0 8 749 4.29008
1 13 999 37.3958
2 25 1390 98.2356
3 41 1791 117.23
4 53 2023 290.289
5 61 2167 390.791
6 75 2354 400.409
7 89 2534 541.36
8 115 2814 575.412
0 9 706 28.5251
1 19 1216 40.0496
2 26 1450 91.4744
3 39 1773 163.578
4 51 1999 379.431
5 65 2218 507.14
6 82 2454 575.548
7 95 2615 620.884
8 104 2719 737.633
0 7 634 24.5505
1 20 1233 41.95
2 30 1580 85.2296
3 39 1809 196.283
4 51 2035 388.016
5 59 2160 479.139
6 71 2326 538.075
7 84 2484 627.218
8 96 2616 969.802
0 7 650 7.14673
1 22 1400 11.082
2 33 1767 97.6315
3 45 2044 235.456
4 53 2204 400.084
5 64 2380 579.627
6 74 2528 704.279
7 80 2600 846.964
8 91 2718 906.372
0 9 897 7.41349
1 16 1247 29.5928
2 28 1624 134.082
3 38 1870 231.623
4 47 2042 424.713
5 56 2183 546.519
6 76 2463 573.876
7 92 2666 641.296
8 118 2946 811.637
0 9 950 6.27233
1 21 1501 45.0867
2 29 1745 125.694
3 43 2105 191.146
4 54 2327 335.307
5 61 2435 531.53
6 73 2599 786.383
7 82 2703 913.103
8 91 2801 1064.47
0 8 883 2.37654
1 26 1731 5.35492
2 47 2431 18.0968
3 62 2797 128.324
4 72 3001 239.194
5 95 3373 373.675
6 110 3584 457.199
7 125 3771 500.351
8 136 3889 621.815
0 11 1050 2.85282
1 28 1905 6.01617
2 36 2155 49.4626
3 45 2400 209.412
4 54 2556 411.745
5 74 2898 502.397
6 88 3095 578.359
7 98 3217 729.353
8 109 3334 811.344
0 3 300 109.223
1 20 1103 18.9921
2 35 1591 67.8743
3 50 1952 117.086
4 59 2143 242.696
5 78 2445 354.624
6 88 2595 425.711
7 100 2745 487.502
8 117 2923 555.825
0 6 650 9.23315
1 16 1100 49.3537
2 27 1484 78.8947
3 53 2092 88.7044
4 65 2313 296.291
5 76 2494 523.069
6 88 2667 706.457
7 4541 3015 723.576
8 4552 3130 794.035
0 9 903 10.3975
1 25 1672 19.083
2 42 2220 27.2799
3 51 2455 94.6301
4 76 2935 155.436
5 95 3259 240.6
6 105 3395 742.325
7 120 3578 1029.48
8 128 3666 913.851
0 11 1000 4.16434
1 25 1696 12.9886
2 43 2295 16.2717
3 61 2735 76.9944
4 70 2923 317.15
5 78 3051 502.169
6 84 3127 1292.49
7 93 3237 1072.13
8 100 3307 1182.88
0 6 646 8.24713
1 15 1021 109.594
2 24 1336 107.54
3 44 1826 131.817
4 62 2184 250.003
5 71 2327 525.87
6 91 2595 570.96
7 102 2732 641.462
8 134 3076 675.055
0 8 798 6.44143
1 15 1143 86.1208
2 26 1508 114.2
3 39 1822 249.223
4 43 1890 905.304
5 50 1996 879.669
6 58 2110 985.069
7 67 2220 1025.58
8 78 2338 960.439
0 7 465 75.6118
1 21 1161 18.1763
2 40 1751 35.8908
3 48 1962 219.766
4 57 2145 349.357
5 70 2358 542.702
6 79 2475 1000.14
7 87 2570 1093.68
8 118 2915 891.959
0 11 1060 3.58741
1 1767 1560 18.0226
2 1781 2008 47.6199
3 1796 2371 116.275
4 1806 2560 365.27
5 1818 2757 508.173
6 1833 2964 636.512
7 1848 3151 748.697
8 1861 3289 780.482
0 9 900 4.72781
1 26 1736 14.6719
2 40 2181 79.703
3 50 2422 127.697
4 65 2722 252.738
5 76 2902 376.662
6 90 3100 477.008
7 103 3250 742.082
8 120 3434 805.493
0 7 617 46.4704
1 15 1020 114.457
2 28 1441 110.997
3 43 1801 135.049
4 54 2012 314.613
5 72 2313 409.124
6 89 2560 574.197
7 109 2798 622.429
8 121 2930 651.057
0 7 600 12.033
1 20 1270 36.5763
2 39 1868 43.7197
3 53 2207 132.949
4 64 2419 291.631
5 76 2629 476.826
6 83 2719 1191.87
7 89 2796 1332.11
8 102 2939 900.964
0 6 496 63.2892
1 22 1265 18.309
2 43 1947 24.995
3 52 2167 163.37
4 61 2356 324.702
5 82 2688 391.283
6 96 2891 497.135
7 107 3031 591.986
8 122 3190 606.218
0 10 1010 4.33128
1 23 1628 40.042
2 41 2199 49.8558
3 57 2568 132.847
4 68 2795 235.726
5 82 3023 399.138
6 99 3261 445.892
7 108 3370 959.672
8 140 3710 809.633
0 8 787 12.4092
1 17 1187 22.6862
2 39 1895 31.2212
3 49 2140 172.481
4 82 2764 241.631
5 103 3096 370.775
6 118 3311 513.858
7 128 3436 593.901
8 155 3726 634.615
0 2 250 54.1041
1 14 836 28.7733
2 26 1233 55.6764
3 48 1776 78.1082
4 59 1984 290.06
5 76 2267 488.594
6 85 2389 545.937
7 119 2801 549.636
8 149 3131 582.155
0 7 675 4.24686
1 21 1343 18.3428
2 30 1643 43.588
3 40 1886 97.7472
4 56 2200 275.131
5 67 2376 394.518
6 82 2597 454.081
7 97 2784 511.957
8 113 2953 561.536
0 4 401 103.493
1 13 835 110.911
2 26 1260 130.043
3 38 1564 203.771
4 46 1723 403.173
5 57 1892 540.809
6 64 2000 697.988
7 83 2227 702.503
8 94 2346 775.856
0 8 750 10.8617
1 20 1319 44.3938
2 34 1801 67.1997
3 48 2127 156.1
4 59 2344 389.667
5 71 2544 522.479
6 80 2671 651.495
7 96 2861 668.418
8 103 2941 767.998
0 3 300 27.1899
1 19 1100 14.6639
2 44 1886 19.0359
3 73 2613 27.53
4 120 3529 37.1644
5 139 3844 188.168
6 160 4138 234.199
7 175 4327 342.325
8 194 4531 432.077
0 13 1239 2.98847
1 40 2585 6.10796
2 60 3183 39.0111
3 70 3427 69.046
4 81 3635 240.036
5 92 3820 344.043
6 106 4017 414.364
7 124 4241 580.75
8 140 4412 611.019
0 6 648 4.79556
1 14 1048 29.3519
2 26 1448 52.596
3 49 2007 80.619
4 88 2768 84.6641
5 104 3034 230.943
6 115 3184 477.455
7 131 3385 532.115
8 143 3516 655.568
