0 5 400 5.37542
1 22 1227 14.2282
2 47 2032 24.3689
3 79 2825 30.357
4 136 3909 82.0604
5 177 4583 106.278
6 208 5011 127.549
7 251 5536 160.359
8 288 5926 391.678
0 9 694 31.4965
1 24 1451 20.9795
2 41 2001 28.7928
3 51 2240 196.995
4 62 2452 396.403
5 74 2647 484.04
6 113 3180 498.451
7 164 3802 529.631
8 206 4241 564.248
0 10 949 4.92897
1 21 1484 21.6279
2 36 1981 39.042
3 79 3021 115.751
4 139 4194 117.584
5 155 4439 232.689
6 189 4914 256.68
7 241 5538 342.045
8 261 5747 420.67
0 14 1291 3.44557
1 36 2379 8.28474
2 66 3315 23.2504
3 76 3564 44.5521
4 88 3805 200.92
5 144 4693 277.635
6 181 5202 348.902
7 214 5600 455.051
8 233 5801 525.296
0 13 1136 1.87855
1 29 1883 10.2377
2 59 2856 17.1439
3 97 3792 23.3879
4 185 5488 25.5126
5 259 6705 30.787
6 318 7535 37.3227
7 363 8082 55.5434
8 422 8699 59.5291
0 4 400 27.3111
1 19 1100 21.9357
2 49 2049 29.859
3 77 2742 43.2958
4 90 2982 181.712
5 128 3593 219.575
6 145 3824 293.033
7 188 4332 299.718
8 215 4612 320.337
0 8 705 20.3617
1 23 1455 13.5275
2 51 2349 16.8037
3 61 2586 100.829
4 86 3065 259.443
5 114 3511 400.09
6 131 3733 489.304
7 161 4089 533.447
8 217 4679 543.128
0 5 449 68.5499
1 28 1569 21.5868
2 50 2281 27.5533
3 73 2825 52.6079
4 85 3062 226.116
5 99 3288 336.172
6 115 3506 413.313
7 172 4173 417.45
8 225 4728 424.069
0 12 1165 2.55093
1 28 1900 7.06801
2 50 2629 55.8543
3 60 2870 219.401
4 72 3090 359.792
5 85 3304 452.307
6 152 4195 437.156
7 199 4751 462.957
8 225 5026 515.831
0 4 400 9.00645
1 20 1132 29.2672
2 40 1799 45.7581
3 79 2739 50.865
4 91 2977 205.926
5 111 3308 328.262
6 130 3558 384.993
7 201 4386 397.289
8 295 5368 397.743
0 8 717 25.4618
1 33 1937 15.9637
2 41 2187 81.3562
3 59 2629 101.64
4 111 3626 105.601
5 161 4419 123.228
6 198 4914 163.85
7 237 5370 216.082
8 275 5775 251.906
0 9 847 7.33834
1 23 1539 18.1469
2 39 2036 34.9311
3 56 2457 130.537
4 69 2711 528.604
5 85 2961 655.643
6 100 3162 860.242
7 142 3661 743.103
8 173 3990 698.633
0 13 1200 5.56221
1 36 2323 11.3119
2 58 3023 18.6788
3 68 3267 128.234
4 148 4802 131.695
5 173 5210 231.113
6 190 5444 739.362
7 238 5998 762.432
8 290 6551 773.959
0 11 1000 3.9901
1 16 1250 34.2543
2 35 1864 42.7205
3 62 2516 61.7482
4 97 3196 460.824
5 111 3413 583.165
6 162 4100 593.836
7 236 4967 601.186
8 258 5203 635.041
0 4 350 31.537
1 17 990 36.3944
2 49 2007 40.7122
3 78 2704 49.352
4 116 3450 63.7726
5 183 4499 76.2229
6 252 5434 79.8202
7 277 5726 114.183
8 377 6776 116.685
0 2 250 53.7564
1 21 1142 14.7423
2 40 1761 64.4606
3 50 1992 155.47
4 61 2210 291.712
5 95 2745 337.267
6 111 2967 419.799
7 164 3583 450.682
8 194 3897 494.959
0 14 1400 2.3632
1 28 2050 9.57794
2 53 2865 22.9489
3 76 3411 73.8159
4 91 3706 261.695
5 182 5162 264.989
6 209 5524 312.345
7 267 6204 333.748
8 299 6539 380.778
0 3 250 53.2976
1 17 955 27.6865
2 38 1645 52.7238
3 81 2686 58.5866
0 5 500 8.1872
1 19 1182 16.8627
2 45 2024 23.961
3 82 2924 34.4958
4 95 3173 160.65
5 154 4109 167.262
6 172 4351 220.276
7 194 4601 287.922
8 241 5100 319.85
0 6 650 31.87
1 19 1280 48.082
2 27 1526 72.9396
3 54 2198 103.301
4 88 2874 141.111
5 179 4354 174.858
6 205 4710 213.717
7 299 5844 219.129
8 336 6243 242.076
0 9 800 10.7721
1 14 1048 115.119
2 47 2118 102.497
3 56 2337 192.616
4 73 2661 360.897
5 86 2875 547.827
6 98 3054 680.087
7 124 3367 710.607
8 144 3582 740.337
0 13 1040 4.10761
1 28 1738 18.0192
2 43 2238 30.0759
3 63 2731 154.462
4 127 4005 171.024
5 210 5374 174.216
6 244 5858 201.766
7 279 6278 235.445
8 319 6717 280.267
0 2 249 107.321
1 10 598 59.0485
2 17 845 131.15
3 52 1711 136.105
4 117 3000 139.374
5 132 3236 251.457
6 148 3466 296.249
7 196 4063 309.079
8 218 4303 375.902
0 11 1100 4.92556
1 24 1738 36.9644
2 39 2230 76.7043
3 65 2847 108.058
4 117 3872 110.654
5 162 4611 129.073
6 188 4980 158.016
7 225 5424 509.643
8 262 5828 539.184
0 7 725 11.8402
1 20 1374 18.2028
2 28 1622 95.7177
3 38 1872 121.133
4 58 2259 302.123
5 105 2982 419.759
6 124 3238 451.347
7 162 3674 463.789
8 201 4084 491.163
0 3 248 8.9122
1 22 1173 14.5015
2 49 2040 25.9749
3 82 2830 31.0166
4 101 3201 166.909
5 116 3436 257.993
6 154 3945 324.731
7 195 4431 331.172
0 5 500 12.8267
1 10 750 96.5759
2 36 1574 110.48
3 46 1809 241.577
4 94 2720 336.468
5 176 4007 340.624
6 204 4386 453.026
7 252 4959 482.177
8 320 5668 489.259
0 2 250 50.6522
1 14 800 27.7561
2 33 1434 53.6691
3 74 2366 56.9422
4 98 2825 196.394
5 122 3193 757.636
6 183 4012 526.591
7 222 4458 459.724
8 261 4868 502.505
0 3 350 49.0714
1 11 743 135.56
2 25 1166 212.297
3 48 1730 248.81
4 124 3161 252.717
5 156 3667 336.763
6 182 4014 363.319
7 215 4397 370.776
8 253 4804 390.19
0 8 810 14.2167
1 21 1434 42.9676
2 29 1678 82.4023
3 39 1921 224.139
4 61 2334 289.478
5 74 2528 719.334
6 143 3454 728.938
7 183 3923 741.35
8 264 4775 743.806
0 3 249 61.1417
1 18 993 15.865
2 35 1551 62.8354
3 48 1850 143.724
4 60 2076 250.601
5 112 2898 258.068
6 160 3538 343.389
7 207 4075 355.882
8 246 4486 372.32
0 8 750 11.6881
1 13 1000 58.8521
2 21 1247 137.96
3 40 1707 253.642
4 53 1959 430.044
5 82 2423 516.73
6 97 2613 581.414
7 139 3120 593.743
8 174 3501 608.318
0 15 1399 2.29249
1 29 2074 37.401
2 50 2734 46.6116
3 60 2978 129.75
4 124 4197 135.58
5 179 5058 142.347
6 218 5583 180.608
7 268 6167 222.837
8 348 7018 240.509
0 9 850 7.86042
1 28 1776 13.5866
2 36 2026 90.375
3 52 2406 223.106
4 117 3653 226.888
5 184 4713 230.865
6 204 4986 334.825
7 235 5349 361.97
8 258 5585 406.932
0 9 800 5.07776
1 26 1650 10.3915
2 51 2453 18.5839
3 63 2744 154.916
4 75 2979 312.87
5 88 3191 412.575
6 118 3590 454.512
7 136 3800 560.035
8 153 3980 660.416
0 14 1356 3.29432
1 25 1906 16.5166
2 51 2756 21.0238
3 85 3565 27.635
4 147 4747 32.7516
5 179 5248 139.273
6 248 6182 145.362
7 270 6438 232.047
8 317 6939 255.023
0 18 1798 2.03033
1 23 2048 85.2831
2 40 2575 101.097
3 49 2795 231.077
4 64 3090 389.576
5 88 3475 516.462
6 102 3667 592.833
7 133 4040 630.914
8 190 4641 642.191
0 5 488 42.4083
1 14 931 80.1193
2 27 1367 160.668
3 56 2091 271.421
4 68 2312 275.689
5 95 2769 345.41
6 114 3030 432.277
7 152 3487 443.82
8 188 3868 452.546
0 12 995 4.6369
1 38 2244 6.43058
2 67 3164 11.4498
3 97 3913 21.1916
4 146 4869 32.1088
5 192 5614 42.6087
6 247 6363 51.8273
7 286 6846 74.937
8 336 7385 87.3201
0 9 795 9.23918
1 14 1045 75.0943
2 22 1289 153.633
3 37 1657 229.9
4 68 2261 268.982
5 122 3136 304.883
6 150 3508 321.189
7 168 3726 337.455
8 217 4239 359.189
0 2 250 35.8486
1 19 1050 14.7046
2 46 1907 17.6379
3 55 2148 115.07
4 76 2547 281.112
5 99 2901 444.487
6 119 3179 486.277
7 141 3435 542.057
8 201 4068 555.54
0 8 769 21.9854
1 21 1405 41.252
2 33 1795 102.453
3 57 2386 135.219
4 91 3047 324.344
5 122 3532 451.664
6 141 3793 504.362
7 201 4512 510.915
8 271 5253 528.608
0 11 1000 4.67652
1 24 1600 19.9936
2 39 2077 86.6162
3 48 2314 198.684
4 91 3153 204.798
5 105 3384 365.427
6 121 3597 426.781
7 160 4056 471.507
8 182 4287 508.016
0 8 700 13.3833
1 28 1644 17.5039
2 35 1894 66.8872
3 72 2775 79.1291
4 100 3308 134.615
5 163 4325 141.94
6 195 4767 157.393
7 238 5295 174.054
8 276 5699 202.65
0 19 1542 2.92313
1 34 2241 9.19316
2 65 3234 12.6936
3 139 5074 14.4362
4 182 5914 58.4202
5 236 6791 178.773
6 262 7166 254.599
7 288 7483 272.124
8 359 8243 278.471
0 10 849 2.81884
1 15 1099 42.6155
2 29 1559 130.99
3 39 1803 221.182
4 59 2183 354.001
5 128 3312 358.019
6 176 3974 360.518
7 200 4271 391.4
8 261 4924 434.128
0 6 600 6.49339
1 18 1150 16.2127
2 52 2234 24.3849
3 74 2757 88.8513
4 141 4062 114.687
5 203 5049 124.073
6 219 5276 180.381
7 250 5637 204.126
8 295 6109 221.942
0 9 850 4.52539
1 23 1520 41.6686
2 36 1947 100.23
3 63 2600 109.902
4 75 2834 222.603
5 90 3068 302.768
6 130 3601 308.952
7 158 3935 355.042
8 179 4158 476.721
0 8 800 5.83509
1 27 1697 15.0827
2 42 2163 94.3295
3 65 2730 115.031
4 76 2950 352.335
5 89 3159 441.139
6 135 3766 448.559
7 196 4488 454.754
8 216 4695 518.311
0 9 849 9.7331
1 26 1675 13.1459
2 38 2073 79.6041
3 57 2508 128.012
4 125 3839 128.955
5 177 4658 134.488
6 209 5111 209.85
7 255 5666 377.799
8 331 6482 383.427
