0 3 300 16.087
1 45 2350 14.6271
2 93 3950 17.7366
3 200 6600 18.9145
4 251 7600 26.9379
5 327 8850 32.2091
6 412 10050 34.8387
7 468 10750 36.8029
8 496 11050 64.5479
0 16 1550 2.56443
1 32 2350 9.08996
2 68 3550 10.8655
3 107 4500 18.5932
4 185 6050 20.3372
5 264 7350 23.0529
6 352 8600 27.5958
7 461 9950 34.6883
8 525 10650 39.9152
0 10 950 4.53031
1 39 2400 6.52132
2 53 2850 16.7433
3 83 3600 22.6413
4 161 5150 24.9632
5 176 5400 151.533
6 240 6300 159.476
7 276 6750 172.459
8 331 7350 190.274
0 6 600 10.728
1 20 1300 22.0375
2 28 1550 116.534
3 84 2950 119.641
4 97 3200 259.214
5 179 4550 263.191
6 242 5450 265.556
7 323 6450 269.694
8 377 7050 276.374
0 13 1200 7.05391
1 40 2550 12.816
2 69 3500 21.4111
3 127 4950 23.4658
4 173 5850 28.3925
5 188 6100 112.092
6 227 6650 125.071
7 283 7350 129.829
8 383 8450 132.047
0 3 300 47.7603
1 27 1500 38.2218
2 71 2950 40.7734
3 81 3200 132.475
4 157 4700 135.81
5 263 6450 137.973
6 341 7550 139.928
7 425 8600 144.244
8 566 10150 146.547
0 4 400 24.3499
1 36 2000 14.7118
2 59 2750 32.6826
3 99 3750 34.9594
4 160 4950 38.5501
5 248 6400 42.1623
6 304 7200 51.7258
7 324 7450 148.618
8 415 8450 151.029
0 8 750 10.5061
1 33 2000 15.29
2 71 3250 23.0467
3 81 3500 147.164
4 94 3750 322.756
5 109 4000 456.231
6 183 5050 460.113
7 240 5750 469.629
8 294 6350 477.074
0 8 800 14.0011
1 31 1900 20.65
2 61 2900 22.6143
3 71 3150 147.636
4 86 3450 344.892
5 165 4750 349.318
6 250 5950 356.23
7 339 7050 360.059
8 425 8000 364.073
0 11 1000 1.21069
1 34 2150 9.92093
2 78 3600 11.2909
3 88 3850 90.5533
4 154 5150 94.0375
5 229 6400 97.7131
6 275 7050 110.016
7 360 8100 115.153
8 410 8650 121.713
0 15 1400 3.35037
1 31 2200 6.91678
2 56 3050 12.5411
3 69 3350 85.2228
4 139 4750 87.4237
5 203 5800 91.601
6 235 6250 119.537
7 332 7450 127.153
8 436 8600 128.189
0 11 1100 4.80208
1 31 2100 9.68287
2 61 3100 22.6056
3 136 4950 23.6181
4 194 6100 26.175
5 209 6350 176.196
6 244 6850 208.269
7 268 7150 241.196
8 387 8450 243.093
0 5 550 26.8738
1 36 2050 14.8506
2 57 2750 23.384
3 99 3800 30.1666
4 205 5900 31.2775
5 296 7400 34.829
6 370 8450 39.797
7 484 9850 41.7976
8 597 11100 48.1043
0 10 1000 3.49735
1 39 2400 6.15502
2 95 4250 9.00535
3 147 5550 11.5735
4 205 6700 18.9496
5 220 6950 109.813
6 266 7600 130.714
7 392 9150 132.626
8 460 9900 139.011
0 2 250 10.8638
1 17 1000 18.1138
2 41 1800 29.2951
3 51 2050 112.361
4 111 3250 115.837
5 127 3500 223.497
6 215 4750 226.571
7 280 5550 238.48
8 343 6250 244.901
0 15 1450 8.24845
1 22 1800 44.8632
2 52 2800 48.7882
3 124 4600 51.2402
4 137 4850 254.06
5 204 5950 257.964
6 260 6750 260.682
7 317 7450 269.652
8 444 8850 279.153
0 8 750 1.0787
1 23 1500 7.15557
2 67 2950 10.3103
3 83 3350 45.8375
4 141 4500 47.5302
5 156 4750 163.005
6 238 5900 168.878
7 286 6500 181.293
8 377 7500 186.448
0 12 1250 2.12974
1 18 1550 29.8395
2 61 2950 34.44
3 115 4300 37.1737
4 184 5650 42.0933
5 238 6550 53.4443
6 295 7350 61.123
7 339 7900 71.6436
8 380 8350 169.317
0 10 1000 6.53885
1 15 1250 97.0925
2 34 1900 109.794
3 101 3550 113.172
4 157 4650 119.284
5 235 5950 123.09
6 273 6500 161.761
7 294 6750 238.232
8 394 7850 256.34
0 13 1200 4.08171
1 50 3050 6.20954
2 58 3300 105.103
3 88 4050 112.964
4 174 5750 114.633
5 271 7350 118.713
6 380 8900 121.894
7 461 9900 125.917
8 557 10950 133.125
0 11 1050 3.09448
1 24 1700 13.1588
2 49 2550 18.3482
3 60 2800 59.4634
4 138 4350 61.0269
5 223 5750 63.9453
6 269 6400 75.9231
7 301 6800 124.724
8 333 7150 147.406
0 7 650 6.12857
1 31 1850 9.49376
2 39 2100 74.3844
3 67 2800 85.6604
4 80 3050 241.93
5 170 4550 244.119
6 216 5200 258.584
7 245 5550 318.461
8 277 5900 343.316
0 11 1100 14.6582
1 27 1900 16.5261
2 61 3000 22.2527
3 71 3250 130.837
4 154 4900 134.307
5 230 6150 141.062
6 265 6650 159.805
7 350 7700 162.806
8 427 8550 174.054
0 4 400 15.1633
1 14 900 21.8581
2 43 1850 27.6093
3 53 2100 127.936
4 139 3800 129.119
5 196 4750 134.891
6 288 6050 139.326
7 333 6600 149.32
8 524 8700 152.216
0 5 500 5.39656
1 10 750 55.1036
2 45 1900 55.7008
3 148 4450 57.6649
4 206 5600 61.4692
5 339 7800 63.4582
6 396 8600 72.1337
7 513 10050 75.4088
8 604 11050 79.4581
0 8 800 5.78895
1 54 3100 16.0018
2 86 4150 26.9472
3 96 4400 158.071
4 109 4650 324.103
5 200 6150 325.089
6 288 7400 329.845
7 341 8050 339.112
8 382 8500 358.992
0 2 250 39.0203
1 17 1000 20.2845
2 49 2050 24.4365
3 59 2300 174.155
4 127 3650 177.052
5 198 4800 186.378
6 290 6100 190.185
7 342 6750 198.237
8 433 7750 204.214
0 16 1550 2.59255
1 22 1850 28.5508
2 61 3150 30.0433
3 89 3850 37.0452
4 102 4100 164.102
5 117 4350 268.091
6 191 5400 274.516
7 256 6200 289.974
8 343 7150 294.423
0 3 300 32.126
1 25 1400 15.7594
2 33 1650 74.7445
3 85 2950 79.6544
4 98 3200 272.444
5 216 5150 273.732
6 326 6700 276.465
7 394 7550 283.772
8 544 9200 288.078
0 17 1700 3.76183
1 51 3350 8.48903
2 90 4650 11.6127
3 100 4900 127.359
4 201 6900 128.854
5 216 7150 302.088
6 337 8850 305.065
7 373 9300 314.807
8 432 9950 333.715
0 12 1200 5.93768
1 27 1950 11.8251
2 68 3300 17.3928
3 82 3650 78.4506
4 95 3900 263.219
5 110 4150 391.508
6 149 4700 439.59
7 222 5600 444.821
8 372 7250 447.701
0 17 1600 3.86832
1 31 2300 20.9222
2 55 3100 27.8031
3 89 3950 32.5161
4 152 5200 34.15
5 204 6050 44.3731
6 253 6750 52.0241
7 334 7750 57.0104
8 425 8750 66.4326
0 6 500 18.8319
1 11 750 69.6287
2 32 1450 82.6117
3 48 1850 115.048
4 119 3250 118.363
5 204 4650 123.084
6 260 5450 127.199
7 341 6450 129.037
8 364 6700 206.164
0 2 250 99.0363
1 8 500 117.219
2 18 850 129.284
3 71 2150 132.786
4 83 2400 260.255
5 153 3550 262.094
6 171 3800 328.741
7 260 4900 331.811
8 319 5550 347.479
0 12 1250 2.9014
1 33 2300 7.64262
2 64 3300 10.5213
3 74 3550 132.923
4 157 5200 138.099
5 172 5450 223.803
6 222 6150 240.185
7 282 6900 253.033
8 342 7550 259.354
0 12 1200 7.06395
1 45 2800 12.8036
2 96 4500 14.0598
3 149 5800 17.3345
4 161 6050 164.188
5 234 7250 169.156
6 308 8300 175.213
7 365 9000 181.297
8 519 10700 182.259
0 7 650 5.10297
1 25 1550 6.71907
2 33 1800 85.4457
3 128 4150 87.3131
4 193 5450 91.3423
5 208 5700 188.13
6 244 6200 234.381
7 264 6450 336.617
8 328 7150 342.483
0 4 400 20.7895
1 26 1500 37.9569
2 59 2600 41.9124
3 116 4000 44.9921
4 128 4250 169.397
5 156 4700 282.001
6 237 5850 287.341
7 294 6550 298.273
8 366 7350 300.866
0 9 900 7.36604
1 29 1850 12.8471
2 36 2100 115.644
3 79 3150 121.966
4 147 4500 124.381
5 201 5400 129.324
6 244 6000 144.364
7 325 7000 157.427
8 361 7400 168.001
0 11 1150 4.91068
1 42 2650 7.04788
2 86 4100 10.5245
3 162 6000 12.3958
4 215 7050 19.5143
5 275 8050 24.7739
6 314 8600 39.3318
7 338 8900 49.4039
8 434 9950 54.8656
0 11 1100 6.98775
1 36 2350 10.5504
2 44 2600 56.2847
3 78 3450 65.9516
4 91 3700 216.614
5 106 3950 342.577
6 180 5000 347.422
7 245 5800 349.469
8 304 6450 357.991
0 8 850 3.23083
1 52 3000 5.54668
2 59 3250 58.6732
3 124 4850 61.1575
4 228 6900 65.2693
5 243 7150 167.042
6 338 8500 170.48
7 399 9250 172.472
8 503 10400 193.979
0 13 1350 0.650289
1 33 2300 5.70645
2 40 2550 40.3486
3 52 2850 146.503
4 141 4600 149.637
5 232 6100 152.91
6 327 7450 155.635
7 432 8750 158.935
8 478 9250 166.911
0 9 850 7.42516
1 23 1550 16.3569
2 39 2100 21.2395
3 49 2350 141.902
4 62 2600 319.685
5 77 2850 439.338
6 155 3950 443.287
7 244 5050 456.903
8 298 5650 467.171
0 9 850 5.27418
1 31 1950 11.4372
2 60 2900 21.1198
3 109 4100 24.0689
4 182 5550 29.039
5 251 6700 33.2329
6 326 7750 36.9935
7 451 9300 41.7584
8 560 10500 45.5657
0 5 500 7.32122
1 17 1100 19.8415
2 49 2150 21.5513
3 102 3450 23.8601
4 172 4850 25.6186
5 260 6300 29.5713
6 391 8150 33.3465
7 423 8550 61.3522
8 510 9500 71.4942
0 11 1100 3.38169
1 21 1600 74.0066
2 28 1850 165.146
3 38 2100 245.533
4 107 3450 247.795
5 201 5000 250.137
6 261 5850 257.791
7 317 6550 267.467
8 435 7850 271.531
0 15 1500 1.87474
1 20 1750 86.5922
2 32 2150 102.597
3 42 2400 185.254
4 113 3800 188.297
5 201 5250 191.951
6 303 6700 196.38
7 400 7900 203.571
8 509 9100 206.787
0 13 1300 8.97273
1 32 2200 38.0386
2 39 2450 109.08
3 80 3450 110.898
4 160 5050 114.817
5 260 6700 118.106
6 345 7900 123.197
7 410 8700 129.115
8 533 10050 130.408
0 7 700 11.1817
1 19 1300 23.3061
2 49 2300 29.1785
3 102 3600 34.6449
4 114 3850 156.578
5 193 5150 161.789
6 292 6550 162.893
7 341 7150 173.805
8 468 8550 183.438
