0 5 462 4.50954
1 8 605 97.3663
2 25 1188 104.08
3 31 1334 177.037
4 63 1967 180.448
5 111 2762 183.151
6 121 2900 202.643
7 176 3578 206.911
8 190 3728 269.999
0 2 184 30.7651
1 15 814 24.7398
2 33 1407 31.5691
3 73 2387 39.9724
4 79 2521 180.727
5 89 2682 318.355
6 101 2843 428.806
7 111 2976 508.833
8 137 3256 520.769
0 6 605 8.65157
1 14 1010 22.8665
2 31 1557 28.6514
3 36 1682 158.069
4 77 2495 164.356
5 109 3029 169.652
6 131 3335 178.738
7 172 3851 188.997
8 185 3988 271.705
0 2 221 29.2432
1 12 737 27.2256
2 25 1146 28.849
3 50 1777 35.1797
4 82 2399 40.5998
5 112 2895 46.6018
6 121 3030 117.394
7 161 3517 123.872
8 201 3961 134.652
0 2 237 19.5049
1 5 369 104.703
2 9 510 209.65
3 21 794 205.075
4 51 1397 203.586
5 60 1540 378.169
6 105 2184 382.298
7 117 2327 448.963
8 150 2689 472.79
0 2 194 31.7155
1 7 434 55.6472
2 19 834 70.03
3 40 1361 73.7193
4 70 1945 82.2381
5 120 2780 89.1558
6 129 2910 195.103
7 160 3283 202.414
8 189 3606 218.343
0 8 787 5.23015
1 15 1135 11.1104
2 31 1663 20.0016
3 61 2391 24.1554
4 86 2894 34.2323
5 142 3808 41.2515
6 174 4266 46.3686
7 185 4398 81.0886
8 214 4717 137.95
0 1 181 48.5922
1 11 666 20.8274
2 25 1114 26.3295
3 51 1763 36.238
4 58 1900 193.966
5 97 2545 206.162
6 107 2692 334.234
7 158 3322 338.58
8 201 3790 346.651
0 1 142 54.7411
1 13 745 14.8394
2 18 891 107.067
3 23 1031 218.847
4 30 1157 370.553
5 38 1287 498.435
6 48 1428 548.32
7 74 1748 563.768
8 123 2296 565.742
0 6 531 3.72175
1 9 716 96.6525
2 14 858 128.809
3 33 1343 141.82
4 64 1949 150.778
5 72 2079 316.626
6 100 2474 331.278
7 111 2620 407.297
8 123 2760 499.627
0 3 249 41.657
1 8 501 42.3519
2 12 643 117.915
3 18 792 208.495
4 61 1645 212.415
5 70 1789 326.07
6 110 2353 329.508
7 129 2589 357.506
8 142 2731 440.438
0 1 136 136.072
1 4 282 118.15
2 9 431 234.193
3 36 1110 240.241
4 71 1795 247.379
5 100 2274 255.785
6 136 2785 259.811
7 180 3327 265.668
8 192 3467 368.439
0 5 438 1.26167
1 7 579 89.5422
2 13 752 180.019
3 19 897 311.289
4 33 1192 408.148
5 99 2277 411.982
6 109 2409 475.772
7 139 2786 484.327
8 171 3136 498.117
0 5 478 7.85284
1 8 630 111.748
2 26 1247 100.836
3 58 2030 106.323
4 96 2775 110.675
5 128 3301 122.224
6 160 3758 128.741
7 172 3902 157.512
8 258 4853 161.331
0 3 320 25.2741
1 8 577 18.4281
2 18 903 61.7919
3 41 1456 66.7404
4 78 2193 69.6505
5 119 2877 74.9458
6 176 3675 81.085
7 220 4228 90.5215
8 233 4370 186.607
0 8 774 8.83793
1 11 915 92.4697
2 15 1054 139.771
3 41 1699 143.093
4 47 1820 338.518
5 100 2694 342.549
6 110 2833 432.482
7 137 3172 460.391
8 189 3743 467.921
0 3 240 21.234
1 10 629 35.2556
2 16 804 58.4134
3 21 944 156.14
4 28 1083 267.766
5 71 1782 271.571
6 111 2345 279.627
7 134 2628 304.796
8 146 2765 361.075
0 7 676 7.3907
1 15 1103 13.3825
2 25 1432 40.2597
3 32 1588 164.737
4 38 1722 331.713
5 53 1964 426.236
6 76 2293 442.757
7 91 2470 459.622
8 139 3003 467.317
0 5 489 6.62549
1 8 630 80.4752
2 12 778 158.577
3 36 1358 163.917
4 73 2099 170.042
5 99 2531 180.002
6 128 2938 199.349
7 171 3465 210.112
8 200 3786 223.344
0 1 149 109.355
1 8 488 25.432
2 28 1159 29.7552
3 34 1296 86.1639
4 41 1442 315.951
5 50 1577 421.238
6 67 1819 435.461
7 92 2130 441.866
8 133 2582 448.334
0 7 639 5.42827
1 19 1245 10.1564
2 23 1369 91.7379
3 29 1525 161.664
4 60 2146 165.504
5 92 2661 171.988
6 106 2869 217.609
7 147 3371 228.203
8 192 3865 237.429
0 2 253 28.5305
1 12 741 17.4088
2 22 1047 46.8924
3 53 1834 51.7547
4 60 1963 166.616
5 94 2530 178.02
6 136 3118 183.578
7 149 3281 289.859
8 211 3966 297.528
0 2 138 77.5988
1 15 786 27.9173
2 19 932 174.404
3 49 1683 178.209
4 57 1825 344.627
5 65 1967 437.723
6 107 2563 449.295
7 118 2700 490.773
8 155 3104 494.745
0 3 254 12.7325
1 10 609 16.7786
2 14 750 64.0142
3 38 1350 71.9791
4 74 2059 74.9944
5 113 2692 79.3841
6 161 3371 81.8413
7 171 3504 165.503
8 236 4213 175.215
0 2 138 103.082
1 4 272 208.062
2 16 660 105.359
3 47 1418 111.797
4 54 1560 230.07
5 98 2280 232.843
6 157 3124 237.152
7 170 3285 269.165
8 217 3796 275.035
0 7 723 7.47629
1 16 1165 16.6566
2 20 1302 94.9265
3 26 1441 188.615
4 62 2153 194.312
5 70 2289 374.658
6 79 2424 403.228
7 102 2703 418.117
8 147 3203 431.878
0 8 777 7.78926
1 17 1212 29.9773
2 22 1371 135.295
3 28 1513 221.312
4 64 2226 227.234
5 72 2360 330.079
6 84 2531 427.676
7 103 2772 448.778
8 115 2904 540.377
0 6 546 6.37482
1 14 956 14.9285
2 30 1478 32.2763
3 35 1620 178.691
4 74 2374 181.953
5 114 3048 183.682
6 160 3694 189.994
7 190 4065 204.211
8 210 4280 248.781
0 2 293 15.6679
1 8 595 27.8839
2 24 1129 33.9043
3 31 1314 152.379
4 69 2068 153.832
5 83 2299 282.381
6 92 2426 386.806
7 113 2682 406.075
8 126 2824 456.916
0 2 228 20.0487
1 7 464 72.7982
2 11 614 198.288
3 17 763 362.158
4 25 903 567.681
5 33 1038 673.061
6 43 1183 689.563
7 98 1869 698.909
8 113 2027 804.99
0 4 467 5.49295
1 7 600 34.6683
2 24 1164 42.1868
3 36 1448 111.767
4 42 1580 327.026
5 78 2161 337.211
6 105 2552 346.482
7 117 2694 402.484
8 139 2938 437.487
0 6 646 5.40832
1 16 1133 14.354
2 21 1276 86.6698
3 49 1968 92.2075
4 76 2515 97.4391
5 110 3081 109.552
6 166 3871 113.109
7 189 4148 132.206
8 217 4460 152.73
0 7 665 5.95158
1 10 804 44.6413
2 14 939 177.111
3 38 1526 183.095
4 44 1653 393.647
5 79 2232 399.319
6 96 2463 450.712
7 107 2601 531.328
8 173 3329 539.627
0 4 412 8.95129
1 16 986 18.7557
2 30 1454 31.9678
3 56 2099 41.8746
4 63 2233 238.384
5 99 2837 248.274
6 109 2970 370.577
7 154 3525 377.766
8 203 4069 388.672
0 2 162 68.5769
1 9 500 35.3895
2 13 631 90.4976
3 18 764 239.172
4 58 1553 246.807
5 100 2255 250.219
6 127 2636 269.351
7 147 2883 319.355
8 160 3020 385.213
0 2 224 38.8833
1 5 359 138.089
2 9 494 178.754
3 18 717 197.081
4 47 1290 209.725
5 55 1427 373.416
6 70 1641 520.285
7 96 1967 525.296
8 128 2317 540.574
0 4 341 12.6549
1 20 1130 15.591
2 40 1803 20.7966
3 69 2513 28.6007
4 106 3249 31.201
5 135 3736 36.8183
6 163 4131 49.4394
7 209 4700 58.5995
8 249 5138 69.71
0 5 474 5.09313
1 18 1119 12.5513
2 22 1257 50.2539
3 48 1901 62.5616
4 76 2460 67.2607
5 120 3181 75.1243
6 138 3430 101.78
7 173 3868 111.498
8 218 4360 118.783
0 3 378 8.95862
1 9 654 35.9723
2 21 1049 60.4342
3 53 1831 67.281
4 87 2510 71.3893
5 135 3300 78.0777
6 155 3587 84.8086
7 165 3714 123.738
8 194 4027 154.539
0 4 454 7.4155
1 10 714 35.4846
2 18 990 49.0997
3 41 1562 60.4064
4 49 1715 175.423
5 94 2465 178.254
6 142 3148 182.213
7 163 3413 203.247
8 211 3943 209.083
0 2 235 40.4772
1 6 399 145.45
2 10 532 168.799
3 25 915 179.58
4 66 1727 185.181
5 115 2534 189.134
6 135 2810 225.006
7 186 3451 232.471
8 213 3739 314.753
0 5 503 10.6199
1 9 729 33.5829
2 13 862 167.683
3 43 1592 171.574
4 86 2439 173.964
5 94 2574 249.123
6 116 2888 261.555
7 126 3018 306.801
8 173 3525 316.001
0 6 557 5.32438
1 12 829 18.2032
2 26 1293 23.2181
3 31 1435 140.005
4 39 1579 299.031
5 47 1716 448.306
6 56 1849 581.621
7 70 2018 616.694
8 102 2372 626.337
0 4 364 20.1136
1 21 1238 16.2328
2 39 1810 28.5031
3 44 1947 149.92
4 74 2541 154.701
5 103 3015 161.878
6 124 3305 189.066
7 143 3541 265.116
8 201 4181 270.049
0 3 315 15.1401
1 10 663 24.8047
2 18 914 54.716
3 23 1055 200.929
4 51 1599 206.966
5 86 2182 209.262
6 95 2306 304.879
7 118 2597 313.669
8 152 2971 328.687
0 5 436 16.0201
1 8 578 155.751
2 12 723 207.902
3 30 1172 216.705
4 58 1722 222.478
5 66 1858 339.741
6 83 2090 481.585
7 102 2326 507.213
8 119 2518 539.335
0 1 133 53.0337
1 15 803 18.0302
2 22 1024 48.0134
3 30 1227 129.734
4 62 1862 136.116
5 101 2509 145.64
6 140 3054 152.329
7 150 3186 290.951
8 194 3670 294.555
0 2 141 60.6308
1 5 321 134.295
2 12 527 134.999
3 23 801 146.418
4 44 1229 154.294
5 53 1367 287.561
6 101 2051 294.069
7 112 2182 362.402
8 134 2432 391.407
0 3 275 10.043
1 12 724 42.4037
2 19 958 55.66
3 25 1102 182.533
4 32 1242 329.486
5 74 1934 337.842
6 114 2495 344.099
7 166 3143 348.982
8 186 3362 391.89
0 2 232 23.2152
1 8 524 50.444
2 13 675 115.938
3 19 831 281.635
4 26 966 405.097
5 34 1102 535.809
6 50 1331 539.525
7 61 1469 626.083
8 93 1813 627.887
