0 8 750 45.1243
1 30 1850 15.7078
2 43 2300 74.9179
3 100 3700 104.462
4 130 4300 188.756
5 309 7250 245.735
6 334 7600 281.617
7 407 8500 283.368
8 561 10200 285.531
0 16 1600 2.95774
1 24 2000 25.5888
2 68 3450 32.2241
3 88 3950 56.5109
4 202 6200 141.136
5 260 7150 201.562
6 277 7400 268.98
7 350 8300 277.525
8 523 10200 286.729
0 12 1200 3.26625
1 31 2150 15.5265
2 87 4000 32.0831
3 190 6550 57.9159
4 213 7000 192.619
5 267 7900 254.178
6 356 9150 255.446
7 400 9700 282.845
8 632 12250 283.629
0 20 1900 0.123702
1 30 2400 46.2987
2 48 3000 51.9882
3 80 3800 98.0065
4 131 4800 188.517
5 185 5700 251.19
6 298 7300 251.849
7 327 7650 270.522
8 472 9250 270.959
0 7 650 4.74008
1 40 2300 7.62284
2 64 3100 12.6865
3 92 3800 48.9763
4 105 4050 171.36
5 126 4400 278.152
6 200 5450 282.756
7 330 7050 283.218
8 448 8350 283.754
0 3 300 15.6785
1 20 1150 41.3986
2 45 1950 48.1991
3 63 2400 78.0557
4 81 2750 203.932
5 99 3050 311.065
6 138 3600 322.356
7 158 3850 377.72
8 358 6050 382.798
0 5 500 9.27923
1 24 1450 13.1011
2 43 2050 20.2609
3 69 2700 45.0432
4 137 4050 135.145
5 264 6150 192.767
6 328 7050 208.302
7 364 7500 216.43
8 478 8750 220.377
0 7 750 2.28577
1 25 1600 2.87799
2 32 1850 30.0104
3 73 2850 64.6257
4 151 4400 148.293
5 227 5650 212.66
6 251 6000 232.918
7 292 6500 272.945
8 351 7150 279.784
0 4 400 8.06284
1 22 1300 10.1964
2 71 2900 10.5873
3 117 4050 44.1576
4 198 5650 135.099
5 243 6400 206.317
6 264 6700 226.569
7 426 8700 226.824
8 599 10600 229.337
0 21 2100 1.22258
1 38 2950 9.97402
2 75 4150 10.5342
3 164 6350 24.3229
4 257 8200 109.698
5 354 9800 167.222
6 580 13000 167.409
7 677 14200 176.092
8 809 15650 176.532
0 17 1650 0.906098
1 29 2250 42.8351
2 65 3450 70.3512
3 111 4600 98.2785
4 187 6100 184.934
5 351 8800 241.888
6 369 9050 281.511
7 417 9650 288.808
8 499 10550 294.851
0 23 2300 2.72063
1 56 3950 4.17761
2 140 6700 29.7932
3 235 9050 56.2645
4 318 10700 140.013
5 418 12350 203.44
6 524 13850 206.509
7 581 14550 228.404
8 908 18150 233.928
0 13 1250 1.19493
1 27 1950 7.04582
2 43 2500 94.3929
3 128 4600 124.781
4 153 5100 218.299
5 241 6550 277.937
6 400 8800 278.457
7 530 10400 278.751
8 566 10800 320.55
0 15 1500 8.93945
1 36 2550 9.76038
2 55 3150 14.8066
3 103 4350 48.0504
4 214 6550 130.897
5 238 6950 250.823
6 305 7900 254.604
7 369 8700 270.798
8 515 10300 273.184
0 8 800 20.2167
1 32 2000 14.6598
2 52 2650 25.0101
3 106 4000 47.2274
4 124 4350 162.207
5 160 4950 224.823
6 192 5400 239.534
7 285 6550 243.16
8 380 7600 272.677
0 7 650 10.2707
1 31 1850 11.2463
2 42 2200 41.0281
3 54 2500 95.2816
4 147 4350 179.569
5 253 6100 237.208
6 388 8000 237.906
7 452 8800 242.517
8 507 9400 246.781
0 18 1850 2.67876
1 24 2150 55.3775
2 43 2800 72.8941
3 74 3550 97.213
4 144 4950 182.663
5 217 6150 242.619
6 249 6600 277.921
7 423 8750 278.25
8 545 10100 285.549
0 10 950 1.96337
1 18 1350 32.514
2 38 2000 89.4986
3 60 2550 157.928
4 85 3050 242.577
5 100 3300 334.899
6 196 4650 350.376
7 274 5600 358.148
8 334 6250 365.444
0 8 850 2.27664
1 27 1750 10.9591
2 34 2000 29.2209
3 44 2250 60.818
4 211 5550 144.4
5 268 6500 206.499
6 318 7200 213.63
7 354 7650 233.292
8 459 8800 236.539
0 11 1150 7.09554
1 26 1850 23.0493
2 53 2750 26.3938
3 77 3350 102.952
4 128 4350 203.872
5 294 7100 261.313
6 312 7350 296.832
7 377 8150 320.503
8 554 10100 324.922
0 13 1300 1.65421
1 62 3750 1.7521
2 103 5100 3.02095
3 160 6500 42.5387
4 198 7250 141.332
5 237 7900 207.097
6 273 8400 220.756
7 402 10000 221.399
8 525 11350 222.057
0 7 600 7.97469
1 47 2600 9.65817
2 86 3900 22.5928
3 141 5250 49.3042
4 207 6550 135.65
5 243 7150 218.602
6 321 8250 226.51
7 373 8900 233.054
8 437 9600 238.169
0 9 950 2.91153
1 19 1400 17.6326
2 75 3250 34.1476
3 111 4150 95.5416
4 134 4600 186.645
5 155 4950 269.23
6 265 6500 274.42
7 333 7350 289.938
8 397 8050 315.995
0 5 500 37.2435
1 24 1400 29.4028
2 45 2100 46.3104
3 121 4000 60.5887
4 149 4550 157.913
5 237 6000 214.885
6 364 7800 215.956
7 413 8400 229.018
8 540 9800 229.295
0 4 450 31.8897
1 18 1150 42.7012
2 50 2200 59.6183
3 64 2550 88.0421
4 234 5900 170.864
5 267 6450 298.603
6 285 6700 323.386
7 321 7150 360.597
8 412 8150 365.848
0 4 400 9.76759
1 18 1100 41.0691
2 58 2400 48.8619
3 133 4250 72.8079
4 186 5300 169.016
5 264 6600 226.34
6 296 7050 243.893
7 365 7900 252.231
8 465 9000 256.083
0 13 1250 16.745
1 51 3150 22.0252
2 95 4600 22.7041
3 109 4950 98.6681
4 160 5950 195.186
5 260 7600 252.911
6 317 8400 257.217
7 345 8750 303.215
8 422 9600 305.012
0 4 350 33.8455
1 41 2200 22.2666
2 62 2900 29.2174
3 72 3150 65.4708
4 105 3800 153.899
5 148 4500 212.911
6 179 4950 274.477
7 248 5800 288.259
8 303 6400 295.042
0 15 1500 1.09722
1 44 2950 1.63029
2 70 3800 9.73755
3 131 5300 38.6007
4 164 5950 127.285
5 227 7000 186.912
6 309 8150 195.886
7 583 11550 196.762
8 842 14400 237.592
0 11 1050 9.23575
1 33 2150 14.0671
2 44 2500 72.7628
3 76 3300 93.4913
4 170 5150 176.873
5 233 6200 245.626
6 304 7200 248.442
7 356 7850 258.482
8 461 9000 262.759
0 7 650 17.4458
1 20 1300 19.2019
2 61 2650 29.6621
3 77 3050 71.5425
4 102 3550 177.288
5 132 4050 254.253
6 157 4400 298.546
7 234 5350 300.16
8 316 6250 304.745
0 12 1250 16.5086
1 24 1850 23.6188
2 49 2650 26.9417
3 59 2900 84.1522
4 109 3900 171.299
5 130 4250 264.457
6 155 4600 289.479
7 196 5100 306.457
8 264 5850 315.027
0 9 850 14.3751
1 22 1500 29.1233
2 52 2500 35.8418
3 85 3300 47.724
4 155 4700 133.171
5 207 5550 191.427
6 292 6750 202.351
7 328 7200 212.582
8 505 9150 213.075
0 14 1350 0.829797
1 28 2050 4.19523
2 57 3000 22.2566
3 79 3550 42.646
4 145 4850 155.214
5 184 5500 233.066
6 234 6200 253.939
7 274 6700 287.528
8 369 7750 293.389
0 7 700 10.1914
1 34 2000 10.114
2 64 3000 24.3554
3 103 3950 70.7539
4 126 4400 175.862
5 153 4850 236.611
6 178 5200 320.696
7 283 6500 339.223
8 328 7000 357.439
0 10 1000 5.26637
1 15 1250 18.2668
2 59 2700 19.243
3 75 3100 38.575
4 108 3750 136.258
5 268 6400 193.378
6 399 8250 197.07
7 516 9700 208.71
8 594 10550 222.81
0 11 1150 3.0636
1 57 3400 3.32154
2 81 4200 9.51104
3 99 4650 60.4286
4 119 5050 193.194
5 177 6000 251.909
6 283 7500 269.38
7 449 9550 275.842
8 585 11050 282.87
0 19 1900 3.7395
1 58 3800 4.42926
2 74 4350 30.6397
3 105 5100 60.685
4 201 7000 143.75
5 331 9150 200.937
6 359 9550 226.843
7 387 9900 246.68
8 619 12450 246.82
0 6 550 26.199
1 18 1150 14.6781
2 35 1700 25.3829
3 115 3700 58.5947
4 189 5150 145.478
5 222 5700 225.156
6 268 6350 234.733
7 304 6800 278.038
8 513 9100 278.908
0 13 1300 0.123585
1 24 1850 35.9363
2 48 2650 42.4232
3 101 3950 84.4965
4 156 5050 170.638
5 326 7850 227.621
6 368 8450 238.293
7 469 9700 252.257
8 524 10300 255.362
0 9 900 12.1962
1 20 1450 29.4478
2 40 2100 34.9338
3 58 2550 74.2034
4 103 3450 158.299
5 209 5200 216.861
6 333 6950 224.56
7 450 8400 255.824
8 541 9400 265.612
0 10 1000 6.62869
1 20 1500 16.3519
2 90 3800 28.9224
3 125 4650 47.9836
4 147 5100 134.726
5 205 6050 193.448
6 261 6850 230.376
7 322 7600 257.397
8 372 8150 271.671
0 6 600 24.4161
1 38 2200 14.7379
2 50 2600 43.83
3 73 3150 88.6357
4 227 6200 171.433
5 248 6550 273.481
6 333 7750 296.853
7 369 8200 324.644
8 465 9250 332.208
0 6 600 7.25836
1 27 1650 10.2999
2 54 2550 10.7052
3 111 3950 32.7957
4 194 5600 115.686
5 324 7750 173.5
6 384 8600 179.113
7 409 8900 212.21
8 509 10000 214.872
0 4 400 47.541
1 11 750 30.6864
2 56 2250 31.6041
3 147 4500 35.9844
4 221 5950 119.89
5 327 7700 178.836
6 461 9600 178.964
7 558 10800 180.068
8 672 12050 188.9
0 9 900 21.5033
1 14 1150 54.4481
2 29 1650 56.5546
3 49 2150 120.22
4 125 3650 204.39
5 143 3950 276.709
6 224 5100 279.136
7 281 5800 282.322
8 326 6300 317.846
0 13 1350 10.0683
1 29 2100 29.1518
2 91 4150 30.2506
3 157 5800 44.0645
4 175 6150 165.848
5 196 6500 248.673
6 320 8250 249.461
7 373 8900 263.597
8 436 9600 271.77
0 8 800 7.61858
1 21 1450 30.6237
2 115 4550 33.9734
3 144 5250 53.2254
4 166 5700 147.688
5 254 7150 207.359
6 357 8600 209.239
7 462 9900 210.266
8 603 11450 211.306
0 11 1100 12.613
1 35 2300 19.8212
2 47 2700 55.9605
3 152 5300 71.2935
4 225 6750 154.553
5 310 8150 212.153
6 384 9200 215.09
7 461 10150 238.364
8 507 10650 275.506
0 27 2650 3.03229
1 46 3600 6.06836
2 69 4350 19.7667
3 109 5350 53.326
4 129 5750 162.671
5 257 7850 219.644
6 274 8100 262.592
7 468 10500 273.391
8 587 11800 275.198
