110 0.0299673 -10.6011 0.272805 -0.500201 0.012808 5.775318 12.3423829079
110 0.0282141 -10.6008 0 0.265275 -0.491034 -0.00533239 0 12.5689740181
110 0.108364 -10.6 1 0.27943 -0.507829 -0.00519254 0 12.3128800392
110 0.101169 -10.6084 3 0.330268 -0.524114 -0.0823124 0 12.3197870255
110 0.100219 1 4 0.265188 -0.533042 -0.0439558 0 12.282542944
110 0.101363 -10.5967 4 0.274401 -0.524629 -0.0474813 0 12.3228430748
110 0.0990149 -10.6019 4 0.285859 -0.47374 -0.117216 -15 12.3112139702
110 0.0971717 1 4 0.313744 -0.535101 -0.120633 -15 12.3085958958
110 0.0996132 1 4 0.313931 -0.509535 -0.117703 -15 12.33751297
110 0.103711 -10.6201 4 0.243339 -0.500346 -0.121696 -15 12.5792529583
110 0.106837 1 4 0.26784 -0.552699 -0.130843 -15 12.557600975
110 0.0954917 -10.6299 6 0.30862 -0.531968 -0.0594951 0 12.5506470203
110 0.102955 -10.612 7 0.354767 -0.624605 -0.053626 0 12.5871088505
110 0.0947543 -10.597 7 0.367457 -0.562974 -0.0799009 0 12.5812430382
8 0.424302 -0.55284 -0.0243564 0 
110 0.0503548 -10.6262 0.272805 -0.500201 0.012808 5.775318 12.5532491207
110 0.0537122 1 0 0.291829 -0.462674 -0.00204837 0 12.5747368336
110 0.0706071 -10.6106 0 0.32242 -0.505995 0.0136757 0 12.5887942314
110 0.0789537 1 2 0.319933 -0.511733 -0.034682 0 12.5185859203
110 0.103639 -10.6241 4 0.27563 -0.527231 -0.0884893 0 12.5516798496
110 0.0922329 1 4 0.263309 -0.482968 -0.125501 -15 12.6147170067
110 0.102527 1 4 0.273606 -0.534176 -0.121878 -15 12.6115078926
110 0.106707 -10.5856 4 0.263441 -0.541606 -0.0465759 0 12.6042778492
110 0.0259362 1 
110 0.0449546 -10.6177 8 0.384666 -0.556791 0.0121349 0 110 0.0586497 1 0.272805 -0.500201 0.012808 5.775318 12.5428469181
110 0.0313389 -10.6437 0 0.326673 -0.49074 0.0131234 0 12.5378341675
110 0.100609 1 0 0.281757 -0.484383 0.0269029 0 12.3371100426
110 0.094474 -10.6155 2 0.283536 -0.563784 -0.0633028 0 12.5506060123
110 0.0993757 1 4 0.2737 -0.538905 -0.123779 -15 12.5597519875
110 0.102286 -10.6159 4 0.243576 -0.492453 -0.118633 -15 12.5680990219
110 0.111365 1 4 0.260755 -0.510196 -0.0512321 0 12.3579258919
110 0.00804629 -10.6323 6 0.303715 -0.56203 -0.0365658 0 12.0821430683
110 0.0712726 -10.6243 7 0.337189 -0.557349 0.0132398 0 12.547068119
8 0.380883 -0.543804 -0.0368857 0 110 0.0747324 1 0.272805 -0.500201 0.012808 5.775318 12.5913779736
110 0.0576176 -10.6317 0 0.333511 -0.464525 0.0041418 0 12.5349168777
110 0.043081 1 1 0.304568 -0.545491 0.0077572 0 12.3403849602
110 0.134087 -10.6331 1 0.277311 -0.47658 -0.00134954 0 12.5464468002
110 0.109425 1 3 0.315985 -0.556003 -0.112229 0 12.5207591057
110 0.102109 -10.6287 4 0.303587 -0.541232 -0.0740252 0 12.3047800064
110 0.109643 1 4 0.279657 -0.534319 -0.0611796 0 12.5154547691
110 0.098874 -10.6351 4 0.264039 -0.53869 -0.140872 -15 12.2996900082
110 0.130057 -10.5865 4 0.288608 -0.543008 -0.127121 -15 12.613132
110 0.09605 -10.6187 4 0.302018 -0.459454 -0.0908362 0 12.2954750061
110 0.095539 -10.6028 4 0.245406 -0.429862 -0.0407461 0 12.554669857
110 0.109197 1 4 0.266437 -0.547444 -0.122414 -15 12.5563158989
110 0.091921 -10.6092 4 0.253794 -0.474996 -0.12645 -15 12.6816949844
110 0.104035 -10.5124 4 0.263281 -0.550358 -0.11639 -15 12.4728159904
110 0.101872 1 4 0.286686 -0.484954 -0.127098 -15 12.2310550213
110 0.106703 -10.5942 4 0.274562 -0.541482 -0.0413741 0 12.6366169453
110 0.156541 1 4 0.265245 -0.535357 -0.0784796 0 12.7041749954
110 0.0940311 -10.5109 4 0.287411 -0.424621 -0.155164 -15 12.4063909054
110 0.101488 1 4 0.276722 -0.526221 -0.124724 -15 12.616147995
110 0.110033 1 4 0.287449 -0.528688 -0.0548092 0 12.5082490444
110 0.0998958 -10.5455 4 0.304966 -0.532929 -0.0785451 0 12.7233951092
110 0.1005 1 4 0.303989 -0.535393 -0.125895 -15 12.7139241695
110 0.116903 -10.5742 4 0.280663 -0.471572 -0.115009 -15 12.6186130047
110 0.120104 -10.5182 4 0.227686 -0.494329 -0.0677167 0 12.7099180222
110 0.10457 1 4 0.317473 -0.474048 -0.133006 -15 12.7169470787
110 0.111888 -10.5806 4 0.28018 -0.522557 -0.0748433 0 12.3576841354
110 0.0917006 1 4 0.246279 -0.562944 -0.132387 -15 12.7555041313
110 0.105607 1 4 0.260511 -0.512519 -0.119756 -15 12.6366109848
110 0.103064 -10.5717 4 0.298258 -0.542831 -0.0600505 0 12.6403110027
110 0.103756 1 4 0.27676 -0.526783 -0.0691949 0 12.5926959515
110 0.102774 -10.5635 4 0.268806 -0.528741 -0.0196304 0 12.6286010742
110 0.106429 -10.5973 4 0.296763 -0.525012 -0.0535108 0 12.5758240223
110 0.129541 1 4 0.260667 -0.518005 -0.0129579 0 12.6204929352
110 0.0997214 -10.5844 4 0.295799 -0.590021 -0.0888 0 12.5998690128
110 0.0957991 1 4 0.231456 -0.504723 -0.116978 -15 12.6954638958
110 0.120014 1 4 0.25352 -0.509485 -0.122625 -15 12.4566719532
110 0.0536058 -10.587 6 0.297011 -0.5857 -0.0501515 0 12.3593950272
8 0.373075 -0.569567 -0.0212278 0 110 0.0333974 1 0.272805 -0.500201 0.012808 5.775318 12.2490739822
110 0.134107 1 1 0.284628 -0.525279 0.00624381 0 12.6206350327
110 0.114794 -10.6202 2 0.356878 -0.480226 -0.0918113 0 12.56427598
110 0.103064 1 4 0.250374 -0.543465 -0.0912272 0 12.6104829311
110 0.105695 -10.6111 4 0.286855 -0.517514 -0.134358 -15 12.570333004
110 0.102771 -10.5464 4 0.297045 -0.534613 -0.0685536 0 12.6292319298
110 0.121199 1 4 0.258608 -0.469571 -0.114972 -15 12.6047098637
110 0.0494291 -10.5743 6 0.325135 -0.56827 -0.0321811 0 12.6066200733
110 0.0997011 1 7 0.293395 -0.559574 0.0326125 0 12.6170229912
110 0.0608221 -10.6023 7 0.370704 -0.622702 -0.0523731 0 12.5881559849
110 0.0269746 -10.6403 7 0.301476 -0.591312 0.0537521 0 12.2947030067
8 0.335865 -0.582587 0.0331597 0 110 0.0334042 -10.6071 0.272805 -0.500201 0.012808 5.775318 12.5642631054
110 0.0520419 -10.6393 0 0.294398 -0.495589 -0.00158842 0 12.5190439224
110 0.106315 -10.6225 2 0.267305 -0.52652 -0.0282538 0 12.5458569527
110 0.105337 -10.6353 4 0.290932 -0.565118 -0.10233 0 12.541795969
110 0.0283586 1 6 0.275854 -0.549661 -0.0259852 0 12.5530529022
8 0.340906 -0.534595 0.0156829 0 110 0.0737978 -10.62 0.272805 -0.500201 0.012808 5.775318 12.5659501553
110 0.0927706 1 2 0.245299 -0.456808 -0.0346316 0 12.5543339252
110 0.10276 -10.6422 4 0.24468 -0.520456 -0.116916 -15 12.0465741158
110 0.127527 -10.627 4 0.261209 -0.513291 -0.0304855 0 12.5358960629
110 0.0922979 1 4 0.232528 -0.542609 -0.152676 -15 12.5278129578
110 0.102084 -10.6285 4 0.3054 -0.516222 -0.116324 -15 12.2962918282
110 0.101644 1 4 0.287176 -0.530345 -0.133108 -15 12.6092128754
110 0.103881 -10.6356 4 0.274593 -0.515447 -0.0604431 0 12.5454828739
110 0.102566 1 4 0.31137 -0.51088 -0.127863 -15 12.2841100693
110 0.10822 -10.6094 4 0.259472 -0.524987 -0.0603174 0 12.5752999783
110 0.100925 1 4 0.280156 -0.483183 -0.050949 0 12.5369708538
110 0.103214 -10.5998 4 0.228358 -0.542268 -0.116665 -15 12.5813970566
110 0.126721 1 4 0.274476 -0.512486 -0.0675312 0 12.5496821404
110 0.100455 -10.6177 4 0.227926 -0.557864 -0.145756 -15 12.5653939247
110 0.0880587 1 4 0.282614 -0.523549 -0.0435278 0 12.5746979713
110 0.102341 -10.602 4 0.286532 -0.508711 -0.115232 -15 12.5708351135
110 0.106822 -10.6115 4 0.26092 -0.484573 -0.124223 -15 12.568655014
110 0.0962006 1 4 0.253226 -0.499314 -0.027939 0 12.5993928909
110 0.100629 -10.611 4 0.3124 -0.513091 -0.117799 -15 12.3125200272
110 0.114215 1 4 0.305694 -0.522336 -0.127056 -15 12.5719947815
110 0.0965308 -10.6091 4 0.266825 -0.589328 -0.123437 -15 12.5733640194
110 0.103543 1 4 0.29817 -0.537911 -0.123191 -15 12.5386118889
110 0.0426456 -10.629 6 0.298371 -0.535961 -0.044208 0 12.5580210686
8 0.313217 -0.545181 0.0473025 0 110 0.106255 1 0.272805 -0.500201 0.012808 5.775318 12.5405228138
110 0.0958422 -10.6357 2 0.302186 -0.515383 -0.0863408 0 12.5309519768
110 0.0876238 1 4 0.277974 -0.529107 -0.12668 -15 12.5737681389
110 0.0898408 -10.623 4 0.283915 -0.531992 -0.116074 -15 12.5590229034
110 0.119497 -10.6335 4 0.280014 -0.526361 -0.119582 -15 12.5412650108
110 0.104714 1 4 0.27217 -0.588333 -0.0498403 0 12.6154308319
110 0.0923507 -10.6346 4 0.252931 -0.525885 -0.134341 -15 12.5350270271
110 0.10143 1 4 0.258593 -0.51472 -0.120437 -15 12.3195719719
110 0.0546259 -10.5931 6 0.289418 -0.523342 -0.0377988 0 12.5689539909
110 0.0547108 1 7 0.346613 -0.518089 -0.0151745 0 12.2997908592
8 0.393074 -0.553455 0.00597054 0 110 0.0988469 1 0.272805 -0.500201 0.012808 5.775318 12.5739250183
110 0.0790202 -10.5793 0 0.360687 -0.511188 0.0521881 0 12.5987911224
110 0.0544041 -10.6165 2 0.283896 -0.569591 -0.0213236 0 12.5614089966
110 0.0816831 1 2 0.245792 -0.528842 -0.0231464 0 12.5556848049
110 0.0999877 -10.6055 4 0.260647 -0.448146 -0.103057 0 12.5637950897
110 0.10283 1 4 0.227901 -0.507134 -0.115657 -15 12.561784029
110 0.113993 -10.551 4 0.276371 -0.509375 -0.0636739 0 12.3676640987
110 0.0166569 1 6 0.321871 -0.515137 -0.0182214 0 12.06372118
8 0.329303 -0.566284 0.0287055 0 110 0.0404796 1 0.272805 -0.500201 0.012808 5.775318 12.2951779366
110 0.0388604 -10.5375 0 0.307578 -0.500669 0.00786796 0 12.1450488567
110 0.0217728 1 0 0.305854 -0.499982 0.0163791 0 12.9068620205
110 0.099958 -10.6107 0 0.275123 -0.504547 0.00438553 0 12.5573120117
110 0.0392077 1 1 0.358338 -0.518362 -0.0317042 0 12.3038139343
110 0.100867 -10.4931 2 0.281047 -0.518467 -0.0220979 0 12.4354720116
110 0.103334 -10.6099 4 0.298132 -0.556662 -0.0948829 0 12.5586481094
110 0.101522 -10.5938 4 0.260757 -0.543983 -0.0473294 0 12.360337019
110 0.127078 -10.6098 4 0.269109 -0.520623 -0.0303415 0 12.5694761276
110 0.0893675 -10.592 4 0.323114 -0.501524 -0.103205 0 12.6213140488
110 0.105661 1 4 0.292384 -0.527966 -0.117095 -15 12.7396299839
110 0.140719 -10.5575 4 0.242808 -0.508121 -0.130982 -15 12.3641850948
110 0.0782189 1 6 0.289902 -0.620979 -0.0388509 0 12.6115128994
110 0.0545698 -10.5893 7 0.380138 -0.592668 -0.0398364 0 12.5962159634
110 0.0444457 1 7 0.365448 -0.559328 -0.0290121 0 12.6361708641
110 0.0831442 -10.618 7 0.347834 -0.540785 -0.0195091 0 12.3031737804
8 0.401174 -0.574555 -0.0357451 0 