230 50
230 100
230 150
230 200
186.25 250
205 300
186.25 350
205 400
172.5 450
205 500
171.25 550
172.5 600
186.25 650
191.25 700
185 750
191.25 800
176.25 850
186.25 900
172.5 950
160 1000
188.75 1050
170 1100
156.25 1150
170 1200
166.25 1250
166.25 1300
175 1350
170 1400
161.25 1450
185 1500
160 1550
185 1600
205 1650
162.5 1700
185 1750
160 1800
172.5 1850
186.25 1900
187.5 1950
170 2000
157.5 2050
185 2100
160 2150
160 2200
171.25 2250
153.75 2300
170 2350
166.25 2400
160 2450
161.25 2500
168.75 2550
147.5 2600
143.75 2650
170 2700
160 2750
166.25 2800
175 2850
152.5 2900
168.75 2950
145 3000
168.75 3050
143.75 3100
160 3150
166.25 3200
166.25 3250
153.75 3300
151.25 3350
167.5 3400
153.75 3450
171.25 3500
125 3550
170 3600
160 3650
166.25 3700
186.25 3750
166.25 3800
185 3850
138.75 3900
170 3950
151.25 4000
125 4050
167.5 4100
162.5 4150
143.75 4200
170 4250
158.75 4300
185 4350
167.5 4400
171.25 4450
170 4500
161.25 4550
160 4600
138.75 4650
153.75 4700
153.75 4750
156.25 4800
161.25 4850
125 4900
153.75 4950
153.75 5000
168.75 5050
170 5100
173.75 5150
166.25 5200
135 5250
161.25 5300
147.5 5350
157.5 5400
157.5 5450
157.5 5500
157.5 5550
166.25 5600
168.75 5650
156.25 5700
157.5 5750
166.25 5800
166.25 5850
168.75 5900
170 5950
170 6000
160 6050
151.25 6100
160 6150
171.25 6200
152.5 6250
156.25 6300
171.25 6350
138.75 6400
157.5 6450
170 6500
160 6550
166.25 6600
166.25 6650
170 6700
171.25 6750
157.5 6800
153.75 6850
138.75 6900
146.25 6950
138.75 7000
147.5 7050
156.25 7100
166.25 7150
160 7200
147.5 7250
170 7300
153.75 7350
153.75 7400
157.5 7450
171.25 7500
146.25 7550
163.75 7600
166.25 7650
153.75 7700
143.75 7750
166.25 7800
143.75 7850
168.75 7900
170 7950
170 8000
157.5 8050
157.5 8100
166.25 8150
141.25 8200
166.25 8250
147.5 8300
157.5 8350
157.5 8400
170 8450
146.25 8500
147.5 8550
143.75 8600
153.75 8650
166.25 8700
141.25 8750
156.25 8800
158.75 8850
146.25 8900
157.5 8950
160 9000
150 9050
168.75 9100
171.25 9150
156.25 9200
153.75 9250
160 9300
153.75 9350
167.5 9400
153.75 9450
153.75 9500
157.5 9550
153.75 9600
138.75 9650
152.5 9700
153.75 9750
157.5 9800
138.75 9850
141.25 9900
157.5 9950
150 10000
125 10050
153.75 10100
146.25 10150
150 10200
166.25 10250
156.25 10300
162.5 10350
153.75 10400
153.75 10450
158.75 10500
167.5 10550
147.5 10600
157.5 10650
166.25 10700
141.25 10750
150 10800
138.75 10850
138.75 10900
146.25 10950
171.25 11000
141.25 11050
138.75 11100
157.5 11150
146.25 11200
153.75 11250
151.25 11300
143.75 11350
153.75 11400
162.5 11450
167.5 11500
147.5 11550
157.5 11600
143.75 11650
157.5 11700
153.75 11750
150 11800
166.25 11850
166.25 11900
157.5 11950
166.25 12000
125 12050
155 12100
151.25 12150
147.5 12200
160 12250
147.5 12300
143.75 12350
137.5 12400
143.75 12450
167.5 12500
138.75 12550
155 12600
151.25 12650
138.75 12700
143.75 12750
162.5 12800
152.5 12850
137.5 12900
157.5 12950
150 13000
141.25 13050
153.75 13100
143.75 13150
157.5 13200
153.75 13250
157.5 13300
150 13350
153.75 13400
141.25 13450
138.75 13500
125 13550
157.5 13600
147.5 13650
168.75 13700
156.25 13750
143.75 13800
151.25 13850
138.75 13900
157.5 13950
158.75 14000
143.75 14050
146.25 14100
153.75 14150
160 14200
157.5 14250
132.5 14300
147.5 14350
143.75 14400
147.5 14450
158.75 14500
150 14550
157.5 14600
157.5 14650
167.5 14700
125 14750
157.5 14800
147.5 14850
157.5 14900
160 14950
153.75 15000
157.5 15050
153.75 15100
141.25 15150
146.25 15200
145 15250
141.25 15300
145 15350
125 15400
146.25 15450
157.5 15500
143.75 15550
141.25 15600
157.5 15650
153.75 15700
151.25 15750
146.25 15800
146.25 15850
143.75 15900
141.25 15950
145 16000
145 16050
141.25 16100
138.75 16150
141.25 16200
138.75 16250
141.25 16300
143.75 16350
141.25 16400
141.25 16450
135 16500
153.75 16550
157.5 16600
151.25 16650
153.75 16700
157.5 16750
143.75 16800
156.25 16850
153.75 16900
166.25 16950
143.75 17000
141.25 17050
138.75 17100
153.75 17150
147.5 17200
157.5 17250
145 17300
157.5 17350
152.5 17400
138.75 17450
152.5 17500
153.75 17550
141.25 17600
141.25 17650
141.25 17700
150 17750
153.75 17800
160 17850
132.5 17900
157.5 17950
141.25 18000
132.5 18050
138.75 18100
156.25 18150
150 18200
137.5 18250
157.5 18300
141.25 18350
138.75 18400
138.75 18450
143.75 18500
141.25 18550
151.25 18600
157.5 18650
143.75 18700
157.5 18750
143.75 18800
137.5 18850
157.5 18900
141.25 18950
157.5 19000
147.5 19050
141.25 19100
141.25 19150
151.25 19200
143.75 19250
153.75 19300
116.25 19350
141.25 19400
150 19450
166.25 19500
141.25 19550
147.5 19600
132.5 19650
156.25 19700
157.5 19750
153.75 19800
132.5 19850
158.75 19900
157.5 19950
141.25 20000
153.75 20050
141.25 20100
157.5 20150
141.25 20200
137.5 20250
141.25 20300
157.5 20350
157.5 20400
157.5 20450
141.25 20500
156.25 20550
152.5 20600
168.75 20650
153.75 20700
141.25 20750
151.25 20800
157.5 20850
143.75 20900
157.5 20950
153.75 21000
158.75 21050
153.75 21100
152.5 21150
156.25 21200
141.25 21250
141.25 21300
147.5 21350
141.25 21400
143.75 21450
153.75 21500
156.25 21550
147.5 21600
141.25 21650
132.5 21700
152.5 21750
137.5 21800
143.75 21850
153.75 21900
143.75 21950
147.5 22000
128.75 22050
156.25 22100
141.25 22150
143.75 22200
152.5 22250
147.5 22300
147.5 22350
153.75 22400
166.25 22450
141.25 22500
157.5 22550
168.75 22600
141.25 22650
166.25 22700
153.75 22750
157.5 22800
116.25 22850
153.75 22900
143.75 22950
153.75 23000
156.25 23050
143.75 23100
141.25 23150
138.75 23200
135 23250
132.5 23300
116.25 23350
137.5 23400
147.5 23450
141.25 23500
143.75 23550
132.5 23600
128.75 23650
138.75 23700
151.25 23750
147.5 23800
147.5 23850
137.5 23900
141.25 23950
141.25 24000
143.75 24050
141.25 24100
153.75 24150
137.5 24200
141.25 24250
150 24300
157.5 24350
141.25 24400
157.5 24450
128.75 24500
150 24550
141.25 24600
151.25 24650
157.5 24700
116.25 24750
152.5 24800
160 24850
156.25 24900
153.75 24950
135 25000
143.75 25050
152.5 25100
156.25 25150
141.25 25200
143.75 25250
141.25 25300
138.75 25350
147.5 25400
166.25 25450
157.5 25500
157.5 25550
141.25 25600
125 25650
141.25 25700
138.75 25750
141.25 25800
157.5 25850
148.75 25900
157.5 25950
128.75 26000
147.5 26050
141.25 26100
128.75 26150
141.25 26200
128.75 26250
141.25 26300
157.5 26350
141.25 26400
151.25 26450
141.25 26500
141.25 26550
153.75 26600
148.75 26650
152.5 26700
166.25 26750
143.75 26800
138.75 26850
153.75 26900
141.25 26950
153.75 27000
128.75 27050
125 27100
143.75 27150
125 27200
141.25 27250
147.5 27300
153.75 27350
166.25 27400
157.5 27450
137.5 27500
153.75 27550
147.5 27600
135 27650
137.5 27700
157.5 27750
147.5 27800
138.75 27850
137.5 27900
143.75 27950
157.5 28000
141.25 28050
141.25 28100
138.75 28150
151.25 28200
141.25 28250
141.25 28300
147.5 28350
141.25 28400
153.75 28450
153.75 28500
152.5 28550
141.25 28600
141.25 28650
141.25 28700
143.75 28750
152.5 28800
153.75 28850
151.25 28900
145 28950
156.25 29000
116.25 29050
132.5 29100
128.75 29150
152.5 29200
153.75 29250
132.5 29300
147.5 29350
145 29400
152.5 29450
160 29500
137.5 29550
143.75 29600
141.25 29650
148.75 29700
143.75 29750
132.5 29800
151.25 29850
132.5 29900
147.5 29950
