162.5 50
189.096 85
179.565 117
179.565 150
160 177
160 209
172.253 242
168.127 273
174.447 307
174.447 336
179.028 365
160 393
162.386 419
162.386 445
162.386 473
162.386 500
170.129 526
170 556
170 585
160 619
160 652
160 681
169.478 706
168.103 736
160 765
160 785
172.84 815
166.675 848
166.675 878
160 911
174.078 934
166.777 966
166.777 995
172.891 1028
166.675 1055
168.92 1090
168.92 1122
167.273 1151
167.273 1184
162.386 1211
166.283 1242
166.283 1269
170.625 1297
173.889 1333
169.697 1364
174.481 1393
169.545 1423
167.038 1460
175.223 1494
172.626 1529
168.192 1565
166.581 1599
166.581 1634
168.103 1664
169.853 1696
173.809 1722
172.344 1755
160 1776
165.049 1807
165.049 1840
165.049 1865
167.5 1895
171.864 1921
177.068 1954
168.103 1987
168.103 2019
169.788 2049
169.788 2078
171.367 2106
167.5 2129
171.721 2160
160 2187
160 2220
169.545 2246
167.715 2273
166.581 2302
160 2333
172.178 2366
166.581 2398
166.581 2428
166.581 2460
166.581 2489
166.581 2517
165.19 2547
167.078 2575
167.078 2612
170.164 2645
165.166 2667
165.166 2693
165.166 2719
167.907 2749
166.915 2775
168.127 2806
168.937 2833
168.937 2864
168.92 2892
157.5 2921
164.365 2950
162.8 2983
162.8 3009
166.362 3043
166.362 3075
167.785 3104
170.591 3129
168.928 3163
164.907 3193
164.907 3221
166.611 3250
166.25 3277
164.826 3309
164.826 3340
167.141 3374
166.214 3403
168.321 3430
168.321 3461
167.73 3493
165.792 3527
167.017 3562
167.017 3595
171.739 3619
170.179 3652
171.575 3683
168.357 3711
167.017 3748
167.017 3777
163.837 3805
163.837 3835
167.825 3859
168.103 3887
163.896 3915
166.362 3952
166.362 3977
164.926 4011
168.354 4045
168.354 4071
162.8 4107
162.8 4137
168.814 4168
167.485 4200
167.485 4234
167.182 4265
167.182 4298
165.792 4333
158.75 4366
158.75 4392
166.9 4423
166.777 4451
166.777 4482
166.777 4509
165.166 4532
165.049 4569
169.301 4597
158.75 4630
163.607 4657
163.607 4685
164.4 4710
166.13 4746
166.381 4781
166.381 4815
165.166 4845
165.166 4880
166.13 4909
165.792 4939
168.275 4964
166.118 4992
163.452 5024
166.988 5057
165.165 5088
165.049 5116
164.907 5147
164.907 5180
164.826 5209
164.907 5245
163.608 5278
167.485 5305
162.386 5338
165.603 5366
165.444 5395
168.126 5427
160 5454
160 5482
164.716 5510
166.95 5543
157.5 5575
156.25 5604
162.8 5632
164.377 5662
164.876 5692
166.835 5716
164.64 5747
166.23 5779
165.633 5807
164.445 5839
163.335 5871
170.389 5901
150 5930
166.482 5962
162.5 5988
162.5 6020
162.5 6044
162.5 6073
164.87 6102
160.578 6125
160.578 6157
160 6190
160 6221
160 6250
160 6277
165.049 6304
162.671 6328
156.25 6359
156.25 6384
156.25 6415
156.25 6449
156.25 6480
156.25 6510
161.503 6538
164.169 6570
162.273 6607
158.503 6637
158.503 6674
164.493 6703
162.768 6729
163.837 6762
158.869 6795
158.869 6828
158.869 6858
163.282 6893
165.19 6921
161.503 6953
165.165 6982
158.75 7010
162.95 7044
157.326 7076
160.305 7108
160.164 7142
160.164 7163
162.671 7195
162.671 7224
158.75 7256
158.503 7284
150 7307
159.313 7331
161.647 7370
163.452 7408
160.578 7439
160.578 7467
160 7497
163.896 7527
163.896 7556
163.31 7585
162.931 7617
158.75 7653
159.806 7681
157.647 7714
160.069 7745
162.692 7775
164.883 7807
164.883 7843
164.337 7872
162.529 7902
162.529 7933
161.089 7961
157.326 7994
162.535 8029
161.539 8061
150 8087
150 8125
150 8152
159.768 8181
161.62 8210
160.731 8239
159.425 8272
162.283 8305
163.259 8335
150 8366
150 8391
156.922 8415
152.897 8443
155.785 8472
155.785 8506
161.999 8535
156.749 8566
156.749 8595
157.004 8628
157.004 8659
154.154 8691
160.578 8718
159.313 8750
159.313 8782
160.825 8809
160 8841
159.694 8873
159.694 8904
162.283 8931
161.388 8958
152.897 8991
161.388 9024
160.117 9055
160.117 9087
160.117 9116
162.899 9145
154.154 9173
150 9201
150 9227
155.827 9253
156.673 9284
159.694 9313
159.694 9349
155.378 9382
161.363 9412
159.306 9444
159.306 9469
160.086 9499
160.086 9531
158.428 9560
160.086 9590
157.326 9617
157.326 9644
157.326 9675
158.217 9708
159.284 9736
156.665 9768
153.513 9799
154.926 9826
158.325 9855
161.546 9884
161.546 9915
162.071 9943
155.759 9977
155.759 10009
155.759 10035
159.306 10066
159.075 10096
156.673 10126
156.673 10158
157.644 10186
163.452 10218
152.877 10248
159.694 10276
158.336 10306
158.336 10336
157.326 10362
152.877 10388
154.154 10418
154.154 10454
154.154 10486
154.154 10512
154.154 10534
154.154 10563
157.065 10593
155.669 10626
159.827 10653
158.545 10690
153.75 10718
153.75 10749
153.75 10784
155.931 10804
155.452 10833
155.452 10867
155.452 10896
160.792 10921
154.345 10950
158.109 10987
155.378 11012
155.378 11042
153.75 11072
155.452 11100
155.452 11126
152.877 11154
158.28 11192
154.926 11220
154.277 11249
158.336 11280
156.84 11309
155 11338
155 11370
158.056 11393
155.197 11417
155.669 11445
155.669 11473
156.565 11498
156.161 11531
155 11564
155 11599
155 11633
158.163 11665
158.163 11687
154.852 11712
159.075 11738
157.997 11763
157.997 11792
147.5 11825
155.907 11849
157.004 11882
154.345 11919
154.345 11951
154.345 11982
154.345 12016
154.345 12049
156.379 12071
155.321 12097
154.345 12134
154.345 12164
154.345 12198
156.974 12229
150 12259
153.75 12290
153.75 12318
155.669 12352
150 12381
152.3 12405
151.589 12435
151.589 12465
152.965 12492
152.965 12517
153.776 12545
155.359 12574
155.359 12602
147.5 12631
155.378 12658
155.761 12691
155.785 12720
155.785 12751
156.84 12783
156.368 12812
155.73 12846
155.529 12876
155.529 12897
155.529 12926
155.529 12959
147.5 12987
156.974 13019
156.974 13048
150 13077
150 13103
150 13130
150 13158
158.724 13184
150 13209
150 13240
154.278 13266
157.004 13299
156.121 13330
155.751 13359
150 13385
153.16 13416
156.551 13447
156.551 13479
155.759 13503
151.025 13536
151.025 13563
147.5 13588
156.551 13625
157.42 13657
157.42 13684
155.497 13716
155.497 13750
155.497 13779
153.034 13808
151.589 13834
152.582 13862
152.582 13890
152.897 13920
158.494 13948
152.582 13978
151.025 14012
147.5 14045
154.969 14077
155.057 14111
155.057 14141
157.783 14169
151.589 14201
156.044 14233
156.044 14264
156.044 14291
156.015 14319
152.985 14342
150 14371
150 14397
155.497 14427
147.5 14455
154.511 14482
153.034 14507
152.897 14532
154.685 14559
153.429 14589
153.958 14621
154.852 14654
151.025 14688
147.5 14718
154.826 14751
154.826 14783
154.826 14807
154.826 14842
154.792 14872
147.5 14903
147.5 14932
151.589 14966
151.589 15002
151.589 15035
151.589 15059
154.154 15090
154.154 15118
150 15144
153.817 15175
153.75 15210
153.75 15239
150 15270
153.487 15295
147.5 15326
152.29 15354
153.267 15387
153.267 15415
152.582 15454
152.582 15483
152.582 15514
154.728 15545
154.728 15570
150 15603
150 15632
152.769 15659
152.897 15694
154.425 15722
150 15757
150 15786
150 15810
152.956 15843
152.251 15875
153.751 15910
152.965 15944
152.022 15978
155.459 16011
155.459 16040
153.951 16066
151.025 16096
153.751 16122
147.5 16151
151.897 16182
155.002 16216
154.178 16245
154.178 16269
154.178 16298
154.178 16333
153.034 16364
153.034 16401
153.034 16427
151.866 16457
151.866 16487
147.5 16517
151.855 16549
151.714 16582
152.897 16610
151.589 16640
151.752 16671
151.752 16703
151.752 16737
154.468 16767
152.709 16794
152.709 16826
152.709 16858
152.214 16887
154.893 16920
147.5 16951
151.025 16978
151.386 17006
153.88 17033
154.852 17063
151.885 17098
156.892 17129
155.535 17160
155.535 17188
152.29 17221
152.29 17250
150.586 17279
150.586 17308
150.586 17338
151.604 17368
150 17396
151.91 17422
151.91 17450
153.267 17478
153.267 17515
153.871 17537
147.5 17566
147.5 17595
152.126 17631
150 17661
151.551 17689
150.74 17722
150.74 17762
152.29 17792
152.29 17827
152.29 17855
152.897 17887
154.154 17918
152.965 17950
151.91 17984
151.91 18011
154.046 18037
151.519 18065
154.154 18094
153.303 18123
154.917 18153
152.709 18188
152.709 18221
152.147 18258
152.147 18288
152.29 18319
152.29 18350
151.195 18375
153.179 18409
151.194 18440
151.025 18471
151.025 18503
153.262 18530
150.74 18556
150.74 18584
153.033 18610
153.495 18638
151.194 18665
151.194 18694
152.847 18723
152.537 18754
150 18784
153.33 18815
151.91 18848
151.178 18887
154.589 18919
151.025 18951
153.429 18978
153.179 19009
153.179 19045
150.586 19073
153.33 19098
151.025 19127
151.91 19155
151.885 19192
151.885 19218
151.885 19244
151.885 19277
155.535 19304
152.323 19333
151.025 19364
151.194 19392
151.519 19421
151.519 19448
151.519 19480
151.714 19509
153.236 19541
151.572 19570
154.317 19596
153.034 19625
150 19657
150 19686
147.5 19713
147.5 19741
150.833 19774
154.317 19815
154.917 19848
152.251 19883
154.178 19909
152.582 19945
152.533 19977
152.533 20009
152.533 20036
152.533 20062
150 20097
151.59 20130
151.59 20159
151.59 20186
154.807 20216
156.255 20253
151.025 20281
152.323 20306
150.74 20336
150 20363
150.363 20389
152.537 20425
151.827 20453
151.827 20486
154.317 20515
153.283 20550
151.178 20585
151.178 20615
152.214 20643
152.214 20674
151.519 20708
154.014 20740
150.363 20771
154.014 20803
150.586 20829
150.586 20862
150.586 20894
151.391 20925
152.028 20959
152.028 20989
151.59 21016
151.827 21048
152.727 21082
152.727 21115
151.752 21154
154.178 21186
152.028 21219
151.229 21248
152.772 21273
153.033 21295
150.363 21327
151.714 21360
151.59 21387
154.287 21418
151.91 21449
150 21480
152.56 21514
152.591 21543
152.591 21574
150.363 21602
151.868 21628
151.91 21663
152.772 21693
152.964 21725
154.178 21757
154.178 21789
154.256 21822
154.256 21855
154.256 21881
152.8 21911
153.33 21940
151.572 21972
152.147 21998
152.147 22028
151.827 22059
152.56 22088
152.56 22120
152.214 22146
151.194 22177
152.964 22207
151.58 22237
152.214 22271
152.214 22299
152.214 22327
151.519 22357
151.519 22387
153.798 22414
153.691 22445
153.691 22478
151.429 22509
151.429 22538
151.429 22570
152.897 22595
152.647 22619
152.647 22650
152.647 22681
152.647 22704
152.647 22739
152.214 22764
152.214 22797
152.028 22823
152.028 22856
152.772 22889
150.363 22914
151.229 22941
151.429 22975
151.429 23004
151.885 23037
151.885 23067
150.586 23100
152.214 23129
154.051 23163
151.59 23195
151.752 23224
151.752 23256
150 23283
150 23314
150.856 23339
150.856 23371
150.856 23403
152.214 23430
154.345 23465
153.502 23494
153.502 23525
153.147 23556
153.244 23579
152.017 23602
152.028 23635
152.598 23665
151.724 23691
150 23718
150.363 23754
151.429 23784
151.429 23817
151.59 23844
151.59 23878
151.59 23908
151.59 23937
152.772 23965
150.363 23997
151.194 24022
151.724 24057
150.833 24087
152.556 24124
152.556 24155
151.429 24184
151.429 24217
151.195 24245
151.195 24267
151.195 24292
152.772 24318
150.74 24355
152.251 24381
151.885 24411
152.606 24440
150.74 24467
152.147 24496
150.74 24520
151.765 24548
150.363 24579
151.229 24611
152.251 24641
151.097 24675
151.097 24701
150 24728
150.856 24757
150.856 24789
150.856 24814
150.586 24847
150.586 24877
152.56 24899
152.56 24925
152.439 24957
153.016 24986
153.016 25017
151.59 25042
150.856 25071
153.33 25098
153.33 25132
152.647 25160
153.33 25188
151.714 25218
150.363 25251
150.363 25283
150.363 25313
150.363 25339
151.548 25371
152.028 25398
152.652 25427
152.017 25458
152.022 25482
152.022 25516
152.022 25551
151.429 25578
151.358 25609
151.358 25638
151.358 25667
151.827 25696
151.519 25726
153.276 25758
147.5 25791
147.5 25821
147.5 25851
147.5 25884
152.256 25909
152.022 25938
152.022 25971
153.147 26002
150.363 26042
151.457 26067
147.5 26092
151.457 26124
151.59 26162
151.178 26195
151.178 26228
152.892 26259
152.46 26289
152.46 26320
151.178 26352
151.229 26385
151.229 26416
151.195 26439
151.429 26463
151.429 26492
150 26519
152.29 26551
152.29 26584
152.29 26617
150.344 26650
150.344 26682
150.344 26713
151.194 26742
151.429 26779
151.519 26805
150 26833
152.606 26864
147.5 26887
152.022 26918
151.59 26944
154.051 26972
150.586 26999
151.194 27027
150 27055
151.195 27081
151.195 27117
150.856 27145
152.915 27181
150.856 27214
150.856 27243
150.856 27269
150.856 27308
150.856 27334
150.856 27364
150.856 27392
150.586 27419
147.5 27452
147.5 27485
151.229 27515
151.365 27540
149.408 27576
151.386 27600
150 27630
152.852 27661
151.178 27692
150 27720
151.73 27751
150 27784
150 27812
152.188 27844
149.6 27876
147.5 27902
147.5 27932
150.104 27958
152.022 27986
151.785 28020
151.513 28045
151.513 28074
151.195 28101
151.195 28133
150.848 28165
153.037 28196
153.037 28224
148.738 28256
151.785 28289
151.73 28320
151.229 28346
151.84 28380
151.809 28409
151.809 28438
151.809 28468
151.457 28500
150.395 28522
