172.5 30
185.767 46
157.5 65
181.456 78
174.813 92
163.75 110
153.75 127
161.22 146
156.25 162
153.75 183
170.165 200
138.75 218
138.746 233
138.746 252
137.5 271
137.5 290
140.069 306
144.433 325
138.63 341
139.791 363
140.109 384
137.5 400
137.5 423
125 442
141.36 461
125 481
137.5 497
134.75 513
134.22 532
141.346 550
139.618 571
125 588
137.5 607
131.539 624
125 641
134.545 657
147.392 677
138.203 698
131.25 713
133.128 735
136.657 754
128.318 773
130.087 795
124.225 813
123.156 828
115 842
130.818 861
135.277 882
130.668 898
118.407 914
115 934
115 953
115 968
115 985
