0: 1390 6.25 0 6.25 12.5 18.75 25 31.25 37.5 43.75 50 56.25 62.5 62.5 68.75 75 81.25 87.5 93.75 0 0 1 1 1 1 2 1 1 1 1 26 27 30 32 34 36 196 
0: 1120 25 0 6.25 12.5 18.75 25 31.25 37.5 43.75 50 56.25 62.5 68.75 75 75 75 75 87.5 1 0 0 1 0 2 1 2 2 5 2 7 8 30 31 34 36 163 
0: 830 18.75 0 6.25 12.5 18.75 25 37.5 43.75 50 56.25 62.5 68.75 75 81.25 81.25 87.5 87.5 87.5 0 0 1 0 1 1 0 2 1 3 1 2 11 1 29 34 36 123 
0: 600 6.25 0 6.25 12.5 18.75 25 31.25 37.5 43.75 50 56.25 62.5 68.75 75 81.25 87.5 87.5 93.75 0 0 0 1 1 0 1 1 2 1 1 3 1 4 2 34 36 88 
0: 1760 18.75 0 6.25 12.5 18.75 25 31.25 31.25 37.5 43.75 43.75 56.25 62.5 68.75 75 75 81.25 81.25 0 0 0 1 1 1 1 17 19 21 18 5 11 30 32 35 36 228 
0: 740 18.75 0 6.25 12.5 18.75 25 31.25 37.5 43.75 50 56.25 62.5 68.75 75 81.25 87.5 87.5 87.5 0 1 0 2 1 0 2 2 2 2 1 4 4 11 1 34 36 104 
0: 1230 25 0 6.25 12.5 18.75 25 31.25 37.5 43.75 50 56.25 62.5 68.75 68.75 68.75 81.25 81.25 87.5 0 0 1 1 0 2 1 1 1 6 2 2 28 29 32 34 36 177 
0: 1130 12.5 0 6.25 12.5 18.75 25 31.25 37.5 43.75 50 56.25 62.5 68.75 75 81.25 81.25 87.5 87.5 0 1 0 1 0 2 1 1 4 13 4 3 18 10 32 34 36 160 
0: 740 6.25 0 6.25 12.5 18.75 25 31.25 37.5 43.75 50 56.25 62.5 68.75 75 81.25 87.5 87.5 93.75 0 0 0 1 0 2 0 1 1 4 1 17 1 5 3 34 36 106 
0: 2110 18.75 0 6.25 12.5 18.75 25 25 31.25 43.75 50 56.25 62.5 68.75 75 75 81.25 87.5 87.5 0 0 1 0 1 1 7 12 19 21 24 25 28 30 32 34 37 272

 
0: 980 37.5 0 6.25 12.5 18.75 25 31.25 37.5 43.75 50 56.25 62.5 68.75 75 81.25 81.25 81.25 81.25 0 1 0 1 0 2 1 2 6 5 11 2 22 1 5 34 37 131 
0: 760 6.25 0 6.25 12.5 18.75 25 31.25 37.5 43.75 50 56.25 62.5 68.75 75 81.25 87.5 93.75 93.75 0 1 0 1 0 1 3 0 1 2 1 2 2 1 32 29 37 113 
0: 1340 25 0 6.25 12.5 18.75 25 31.25 37.5 43.75 50 56.25 62.5 68.75 68.75 75 75 75 87.5 0 0 1 0 1 1 1 2 8 10 4 1 28 30 32 34 36 190 
0: 1210 12.5 0 6.25 12.5 18.75 25 31.25 37.5 43.75 50 56.25 62.5 62.5 75 81.25 87.5 93.75 93.75 0 0 1 1 2 2 2 1 1 1 1 2 28 30 32 34 36 174 
0: 790 18.75 0 6.25 12.5 18.75 25 31.25 37.5 43.75 50 56.25 62.5 68.75 75 81.25 87.5 87.5 87.5 0 0 1 0 1 1 1 1 1 2 1 1 17 12 6 34 36 115 
