0: 3010 12.5 6.25 18.75 18.75 25 37.5 37.5 43.75 50 50 56.25 62.5 68.75 75 81.25 87.5 93.75 93.75 542 542
0: 3010 31.25 6.25 12.5 25 31.25 37.5 50 56.25 68.75 75 81.25 81.25 81.25 81.25 81.25 87.5 87.5 87.5 543 543
0: 3010 25 12.5 18.75 18.75 25 31.25 37.5 43.75 50 56.25 62.5 68.75 81.25 81.25 87.5 87.5 87.5 87.5 548 548
0: 3010 18.75 12.5 18.75 25 25 31.25 37.5 43.75 50 56.25 62.5 68.75 75 75 81.25 87.5 87.5 87.5 546 545
0: 3010 12.5 12.5 18.75 25 37.5 43.75 43.75 50 50 56.25 62.5 62.5 68.75 75 81.25 87.5 93.75 93.75 542 542
0: 3010 6.25 6.25 12.5 18.75 25 31.25 37.5 43.75 50 56.25 62.5 68.75 75 81.25 81.25 87.5 93.75 93.75 542 542
0: 3010 18.75 6.25 12.5 18.75 25 31.25 31.25 37.5 43.75 43.75 50 56.25 62.5 68.75 75 81.25 81.25 81.25 544 544
0: 3010 6.25 12.5 18.75 25 31.25 37.5 43.75 50 56.25 62.5 68.75 75 81.25 81.25 87.5 93.75 93.75 93.75 543 543
0: 3010 6.25 12.5 18.75 25 25 25 31.25 37.5 43.75 50 56.25 62.5 68.75 75 81.25 87.5 93.75 93.75 542 542
0: 3010 18.75 12.5 18.75 25 31.25 37.5 43.75 43.75 43.75 50 56.25 56.25 68.75 75 81.25 87.5 87.5 87.5 542 542
