0: 10 0 1 -0.877668
0: 10 0 0 0.120809
0: 10 0 0 0.122496
0: 20 0 0 0.23174
0: 20 0 1 -0.768599
0: 10 0 0 0.122348
0: 40 0 0 0.448437
0: 10 0 0 0.121266
0: 20 0 1 -0.769774
0: 10 0 0 0.121598
0: 20 0 0 0.230066
0: 30 0 1 -0.657398
0: 220 6.25 2 0.425146
0: 220 6.25 2 0.434609
0: 220 6.25 2 0.435183
0: 200 0 2 0.21417
0: 220 6.25 3 -0.567356
0: 40 0 1 -0.547934
0: 220 6.25 3 -0.561914
0: 220 6.25 3 -0.563711
0: 220 6.25 3 -0.564661
0: 220 6.25 3 -0.565928
0: 220 6.25 2 0.433723
0: 220 6.25 2 0.433131
0: 220 6.25 2 0.431571
0: 220 6.25 2 0.435258
0: 220 6.25 3 -0.569309
0: 220 6.25 2 0.434711
0: 220 6.25 2 0.433338
0: 220 6.25 2 0.422057
0: 220 6.25 2 0.426276
0: 220 6.25 2 0.43547
0: 220 6.25 2 0.436317
0: 220 6.25 2 0.431929
0: 220 6.25 2 0.430934
0: 220 6.25 2 0.437645
0: 220 6.25 3 -0.563994
0: 220 6.25 3 -0.566752
0: 220 6.25 3 -0.562665
0: 220 6.25 3 -0.564448
0: 220 6.25 3 -0.567779
0: 220 6.25 2 0.437862
0: 220 6.25 2 0.431412
0: 220 6.25 2 0.42923
0: 220 6.25 2 0.424215
0: 110 0 1 0.226349
0: 220 6.25 2 0.429223
0: 220 6.25 2 0.431181
0: 220 6.25 2 0.439379
0: 220 6.25 2 0.432268
0: 220 6.25 3 -0.564123
0: 220 6.25 3 -0.568732
0: 220 6.25 3 -0.565648
0: 220 6.25 3 -0.563255
0: 220 6.25 3 -0.570612
0: 220 6.25 3 -0.561904
0: 220 6.25 3 -0.572247
0: 220 6.25 2 0.425373
0: 220 6.25 2 0.430526
0: 220 6.25 2 0.4317
0: 220 6.25 3 -0.57327
0: 220 6.25 3 -0.566803
0: 220 6.25 2 0.431482
0: 220 6.25 2 0.428115
0: 220 6.25 2 0.434106
0: 220 6.25 2 0.425454
0: 220 6.25 2 0.422587
0: 220 6.25 2 0.431443
0: 220 6.25 3 -0.572831
0: 220 6.25 3 -0.568714
0: 220 6.25 3 -0.566618
0: 10 0 0 0.121857
0: 10 0 0 0.122272
0: 10 0 0 0.121245
0: 20 0 1 -0.76939
0: 40 0 1 -0.550109
0: 30 0 1 -0.65827
0: 10 0 0 0.122127
0: 50 0 1 -0.438366
0: 70 0 1 -0.217419
0: 50 0 1 -0.44067
0: 10 0 0 0.120938
0: 170 0 2 -0.119599
0: 130 0 1 0.435674
0: 220 6.25 3 -0.568889
0: 220 6.25 3 -0.573025
0: 220 6.25 3 -0.571804
0: 150 0 2 -0.285157
0: 220 6.25 2 0.429153
0: 220 6.25 2 0.432333
0: 220 6.25 2 0.422398
0: 220 6.25 3 -0.56817
0: 220 6.25 2 0.430219
0: 220 6.25 2 0.431683
0: 220 6.25 2 0.427549
0: 220 6.25 2 0.430416
0: 220 6.25 2 0.429787
0: 120 0 1 0.33155
0: 220 6.25 2 0.433171
0: 220 6.25 3 -0.570039
0: 220 6.25 3 -0.57283
0: 220 6.25 3 -0.577099
0: 220 6.25 2 0.434818
0: 220 6.25 3 -0.570004
0: 220 6.25 3 -0.563539
0: 220 6.25 3 -0.577415
0: 220 6.25 3 -0.571477
0: 220 6.25 3 -0.573092
0: 220 6.25 3 -0.569596
0: 220 6.25 2 0.441672
0: 220 6.25 2 0.429358
0: 220 6.25 2 0.430111
0: 130 0 2 -0.559919
0: 10 0 1 -0.877663
0: 10 0 1 -0.879585
0: 40 0 1 -0.548123
0: 20 0 0 0.229922
0: 30 0 0 0.341293
0: 20 0 0 0.229713
0: 10 0 0 0.121917
0: 10 0 0 0.120998
0: 30 0 0 0.341972
0: 150 0 2 -0.347875
0: 170 0 2 -0.121721
0: 220 0 2 0.423573
0: 220 6.25 2 0.426963
0: 90 0 1 0.000236283
0: 220 6.25 2 0.423343
0: 220 6.25 2 0.429283
0: 220 6.25 3 -0.574626
0: 10 0 0 0.122058
0: 10 0 0 0.121959
0: 10 0 1 -0.878481
0: 20 0 1 -0.768191
0: 40 0 1 -0.546388
0: 10 0 0 0.121523
0: 10 0 0 0.120459
0: 10 0 0 0.121003
0: 10 0 0 0.121972
0: 10 0 0 0.121358
0: 50 0 1 -0.438498
0: 60 0 1 -0.329594
0: 80 0 1 -0.10982
0: 220 6.25 3 -0.573055
0: 220 6.25 3 -0.574833
0: 220 6.25 3 -0.573753
0: 50 0 0 0.560624
0: 10 0 0 0.120201
0: 220 6.25 3 -0.563276
0: 220 6.25 3 -0.56878
0: 60 0 1 -0.331931
0: 220 6.25 3 -0.575975
0: 220 6.25 3 -0.574549
0: 220 6.25 3 -0.573334
0: 220 6.25 3 -0.570996
0: 220 6.25 3 -0.571604
0: 220 6.25 3 -0.575661
0: 220 6.25 2 0.431206
0: 220 6.25 2 0.428983
0: 220 6.25 3 -0.571656
0: 220 6.25 3 -0.577305
0: 220 6.25 3 -0.573503
0: 220 6.25 3 -0.573016
0: 220 6.25 3 -0.573352
0: 220 6.25 2 0.429528
0: 220 6.25 2 0.431527
0: 220 6.25 2 0.427212
0: 220 6.25 2 0.424971
0: 180 0 2 -0.00710671
0: 20 0 1 -0.768972
0: 20 0 0 0.231931
0: 70 0 1 -0.216854
0: 10 0 0 0.121674
0: 20 0 0 0.232898
0: 20 0 0 0.231686
0: 20 0 1 -0.767327
0: 10 0 0 0.121216
0: 30 0 0 0.34429
0: 70 0 1 -0.216807
0: 20 0 1 -0.770458
0: 60 0 1 -0.329773
0: 50 0 1 -0.435991
0: 20 0 1 -0.768205
0: 220 6.25 2 0.426853
0: 190 0 2 0.0984987
0: 220 6.25 3 -0.566163
0: 220 6.25 3 -0.578194
0: 130 0 2 -0.561152
0: 20 0 0 0.233252
0: 10 0 0 0.120627
0: 20 0 0 0.231528
0: 10 0 0 0.121745
0: 10 0 0 0.121865
0: 10 0 0 0.121371
0: 10 0 0 0.121255
0: 70 0 1 -0.220259
0: 10 0 0 0.121985
0: 80 0 1 -0.109789
0: 20 0 0 0.232868
0: 60 0 0 0.672187
0: 220 6.25 3 -0.566253
0: 220 6.25 3 -0.578217
0: 140 0 2 -0.452207
0: 170 0 2 -0.122537
0: 10 0 1 -0.877252
0: 220 6.25 2 0.432349
0: 220 6.25 2 0.427385
0: 220 6.25 2 0.431686
0: 220 6.25 2 0.434957
0: 220 6.25 2 0.43311
0: 220 6.25 2 0.426369
0: 220 6.25 2 0.430467
0: 220 6.25 2 0.4332
0: 220 6.25 2 0.428712
0: 220 6.25 2 0.432035
0: 220 6.25 3 -0.566889
0: 220 6.25 3 -0.572478
0: 220 6.25 2 0.43322
0: 220 6.25 2 0.431932
0: 220 6.25 3 -0.565234
0: 220 6.25 2 0.42266
0: 220 6.25 2 0.433114
0: 220 6.25 3 -0.575764
0: 220 6.25 2 0.42378
0: 220 6.25 2 0.432494
0: 220 6.25 2 0.424138
0: 220 6.25 2 0.432008
0: 220 6.25 2 0.432801
0: 150 0 2 -0.341263
0: 40 0 0 0.45057
0: 10 0 0 0.122174
0: 10 0 0 0.120447
0: 20 0 0 0.231519
0: 10 0 0 0.122489
0: 20 0 1 -0.7691
0: 10 0 0 0.124252
0: 20 0 0 0.23308
0: 30 0 1 -0.65991
0: 10 0 0 0.121368
0: 10 0 0 0.121527
0: 40 0 1 -0.550121
0: 220 6.25 3 -0.571543
0: 40 0 0 0.450431
0: 220 6.25 2 0.42246
0: 220 6.25 3 -0.574308
0: 220 6.25 2 0.427525
0: 180 0 2 -0.00891411
0: 20 0 1 -0.768691
0: 220 6.25 3 -0.565267
0: 220 6.25 3 -0.571387
0: 220 6.25 3 -0.569484
0: 140 0 2 -0.451187
0: 30 0 0 0.34312
0: 10 0 0 0.121445
0: 10 0 0 0.122578
0: 30 0 0 0.340393
0: 10 0 0 0.121732
0: 10 0 0 0.120895
0: 20 0 0 0.233387
0: 30 0 0 0.341116
0: 100 0 1 0.106082
0: 90 0 1 0.000667315
0: 50 0 1 -0.439873
0: 220 6.25 2 0.427268
0: 90 0 1 0.00228091
0: 10 0 0 0.121432
0: 220 6.25 2 0.426795
0: 220 6.25 2 0.427489
0: 220 6.25 2 0.430512
0: 80 0 1 -0.109989
0: 10 0 0 0.11992
0: 10 0 0 0.120974
0: 20 0 0 0.231538
0: 10 0 0 0.120575
0: 20 0 1 -0.76548
0: 30 0 0 0.340232
0: 10 0 0 0.122947
0: 20 0 1 -0.768337
0: 10 0 0 0.12165
0: 60 0 1 -0.327402
0: 40 0 1 -0.549689
0: 150 0 2 -0.338667
0: 40 0 1 -0.549551
0: 220 6.25 2 0.428152
0: 10 0 0 0.120973
0: 220 6.25 2 0.425072
0: 220 6.25 3 -0.576201
0: 220 6.25 3 -0.573344
0: 220 6.25 3 -0.569798
0: 220 6.25 3 -0.574968
0: 220 6.25 2 0.428852
0: 220 6.25 2 0.431919
0: 70 0 0 0.778647
0: 220 6.25 2 0.428922
0: 220 6.25 2 0.422495
0: 220 6.25 2 0.432679
0: 220 6.25 2 0.429041
0: 220 6.25 2 0.429663
0: 210 0 2 0.317122
0: 10 0 0 0.120267
0: 40 0 1 -0.549166
0: 10 0 1 -0.87833
0: 10 0 0 0.120866
0: 10 0 0 0.1216
0: 10 0 0 0.120932
0: 10 0 0 0.12142
0: 20 0 1 -0.768107
0: 20 0 0 0.23258
0: 100 0 1 0.114052
0: 10 0 0 0.122278
0: 30 0 0 0.342395
0: 50 0 1 -0.436584
0: 220 0 3 -0.569858
0: 220 6.25 3 -0.572268
0: 220 6.25 2 0.43314
0: 220 6.25 2 0.427173
0: 220 6.25 2 0.427514
0: 220 6.25 2 0.432507
0: 220 6.25 2 0.429375
0: 220 6.25 2 0.43744
0: 220 6.25 2 0.43233
0: 220 6.25 2 0.43228
0: 220 6.25 3 -0.570412
0: 220 6.25 2 0.429461
0: 220 6.25 2 0.428793
0: 220 6.25 2 0.429782
0: 160 0 1 0.767988
0: 220 6.25 3 -0.570927
0: 220 6.25 3 -0.558641
0: 220 6.25 3 -0.56796
0: 220 6.25 3 -0.5709
0: 220 6.25 3 -0.566308
0: 220 6.25 2 0.430795
0: 220 6.25 2 0.42317
0: 220 6.25 3 -0.571313
0: 220 6.25 3 -0.566279
0: 220 6.25 2 0.433813
0: 220 6.25 2 0.430745
0: 220 6.25 2 0.424733
0: 220 6.25 2 0.430711
0: 220 6.25 2 0.430215
0: 10 0 0 0.120668
