0.0 0.669450998306
6.25 0.169497966766
12.5 0.925348043442
18.75 1.03377795219
25.0 0.780852079391
31.25 0.67236495018
37.5 0.997482061386
43.75 0.671040058136
50.0 0.782547950745
56.25 0.669894933701
62.5 0.525377988815
68.75 0.641323804855
75.0 2.73011994362
75.0 3.23332595825
75.0 2.73002195358
75.0 2.76919198036
81.25 2.98140788078
81.25 1.00005912781
87.5 2.98758506775
87.5 2.735049963
87.5 2.98300695419
87.5 2.48192596436
87.5 2.98618292809
87.5 2.98156785965
87.5 2.98243713379
87.5 2.73988699913
87.5 2.47931218147
87.5 2.98602890968
87.5 2.9856569767
87.5 2.97608399391
87.5 3.22847914696
87.5 2.9839758873
87.5 2.98903393745
87.5 2.98298883438
87.5 2.98238587379
87.5 3.23818492889
87.5 3.23643302917
87.5 2.98556113243
87.5 2.73573493958
87.5 2.98914813995
87.5 2.72836089134
87.5 2.74099898338
87.5 2.9806470871
87.5 2.98523807526
87.5 2.97207903862
87.5 1.52483201027
93.75 2.72806596756
93.75 2.97900080681
93.75 3.24214982986
93.75 2.48235201836
93.75 2.73473000526
93.75 2.97995305061
93.75 2.98396992683
93.75 2.98637485504
93.75 3.22560286522
93.75 2.98743414879
93.75 3.22740888596
93.75 3.22311115265
93.75 2.72751903534
93.75 2.72732901573
93.75 2.98310208321
93.75 2.72999000549
93.75 2.7329659462
93.75 2.98547101021
93.75 2.98520994186
93.75 2.97711396217
93.75 2.97265505791
93.75 2.7279920578
93.75 2.97903800011
93.75 2.97999000549
93.75 2.98417496681
93.75 0.42733502388
100.0 0.0 0.420625209808
6.25 0.168761014938
12.5 0.780986070633
18.75 1.25470900536
25.0 1.14331507683
31.25 0.671039819717
37.5 0.865277051926
43.75 1.33505797386
56.25 1.1113088131
62.5 0.672132015228
68.75 2.42833280563
75.0 1.73337578773
81.25 2.98026204109
81.25 2.9858880043
81.25 2.97856211662
81.25 2.26536822319
87.5 2.9797000885
87.5 2.9826540947
87.5 2.72184085846
87.5 2.739153862
87.5 2.97745800018
87.5 2.97939801216
87.5 2.72718286514
87.5 2.97836613655
87.5 2.97911310196
87.5 1.88218188286
93.75 2.73410201073
93.75 2.98509001732
93.75 2.97632098198
93.75 2.47373700142
93.75 2.7352039814
93.75 2.98661088943
93.75 2.98208594322
93.75 2.97052598
93.75 2.98079395294
93.75 2.98289895058
93.75 3.22712302208
93.75 2.98760199547
93.75 2.97773385048
93.75 2.98104596138
93.75 1.99165797234
100.0 0.0 0.923981904984
6.25 0.920475006104
12.5 1.24994301796
18.75 0.527507066727
25.0 0.642801046371
43.75 0.532774925232
50.0 0.918332099915
56.25 0.669213056564
62.5 1.14061903954
68.75 2.45059895515
75.0 2.42694497108
81.25 2.97011208534
87.5 3.22644901276
87.5 1.80261492729
93.75 2.98238420486
93.75 2.47526621819
93.75 2.72730278969
93.75 0.67027592659
100.0 0.0 0.670059919357
6.25 0.926702976227
12.5 1.03010702133
18.75 0.749353170395
25.0 0.420742034912
31.25 0.670655965805
37.5 0.670928955078
43.75 0.668911933899
50.0 0.671900033951
56.25 1.10938692093
62.5 0.968569993973
68.75 1.18542194366
75.0 2.97574114799
75.0 2.97554898262
75.0 3.22474002838
75.0 0.856966018677
81.25 0.670237064362
87.5 2.98766994476
87.5 2.98058915138
87.5 1.22145080566
93.75 2.9728307724
93.75 2.97343015671
93.75 2.97598195076
93.75 2.97758889198
93.75 2.97976398468
93.75 2.72689890862
93.75 2.72856783867
93.75 2.72444391251
93.75 2.98017787933
93.75 2.72465991974
93.75 2.97391796112
93.75 2.98125696182
93.75 2.72385501862
93.75 2.72617888451
93.75 2.97828507423
93.75 2.97697591782
93.75 2.97471094131
93.75 2.79641699791
100.0 0.0 0.780261039734
6.25 0.779394865036
12.5 1.330701828
18.75 0.671380996704
25.0 0.78483581543
31.25 0.781575918198
37.5 0.533130884171
43.75 0.168919801712
50.0 0.892895936966
56.25 1.33475184441
62.5 1.03074002266
68.75 0.966809034348
75.0 1.11645293236
81.25 0.528752088547
87.5 3.22916817665
87.5 2.14545607567
93.75 2.72892594337
93.75 2.97087907791
93.75 1.74129986763
100.0 0.0 0.787518978119
6.25 0.167453050613
12.5 0.784307003021
18.75 0.673874139786
25.0 0.420594930649
31.25 0.919425010681
37.5 0.66818189621
43.75 1.57794094086
50.0 0.177453994751
56.25 1.44121313095
62.5 0.284482955933
68.75 1.46931505203
75.0 2.98616099358
75.0 2.72248196602
75.0 2.09528303146
81.25 2.42491698265
87.5 0.421274185181
93.75 2.73353695869
93.75 2.97786402702
93.75 3.22948098183
93.75 2.98072504997
93.75 2.98097300529
93.75 2.98089790344
93.75 2.97917914391
93.75 2.98039007187
93.75 3.22912812233
93.75 3.23222589493
93.75 2.98271894455
93.75 2.73144817352
93.75 2.98066306114
93.75 2.48427796364
93.75 2.48397183418
93.75 2.9745850563
93.75 2.4775621891
93.75 2.72923398018
93.75 2.71955299377
93.75 2.98216795921
93.75 2.97677111626
93.75 3.23063993454
93.75 2.98079705238
93.75 1.95915603638
100.0 0.0 0.99941110611
6.25 0.673954963684
12.5 0.665722846985
18.75 0.783273935318
25.0 0.420069932938
31.25 0.52675485611
37.5 0.673742055893
43.75 0.787759065628
50.0 0.39054107666
56.25 0.919615983963
62.5 0.417594909668
68.75 0.996152162552
75.0 2.73200392723
75.0 0.749105930328
81.25 2.71822094917
81.25 3.22664904594
81.25 2.97500395775
81.25 2.79486513138
87.5 1.03159308434
93.75 2.98572897911
93.75 2.98279190063
93.75 2.97779297829
93.75 2.43482303619
100.0 0.0 0.895345926285
6.25 0.420128822327
25.0 0.677280187607
31.25 0.893285989761
37.5 0.669385910034
43.75 0.922712087631
50.0 0.781470060349
56.25 0.638250112534
62.5 1.40360498428
68.75 1.29901504517
75.0 1.11315107346
81.25 2.98057508469
81.25 1.80015897751
87.5 0.668628931046
93.75 2.72307181358
93.75 2.97348594666
93.75 2.73140692711
93.75 1.43804621696
100.0 0.0 0.675933837891
6.25 0.427473068237
12.5 0.779627084732
18.75 0.669298171997
25.0 0.536684036255
31.25 1.1423740387
37.5 0.422380924225
43.75 1.02927684784
50.0 0.672254085541
56.25 1.22099804878
62.5 0.754581212997
68.75 1.96225500107
75.0 0.74844288826
81.25 2.97623991966
81.25 0.672897100449
87.5 2.97243785858
87.5 2.97606182098
87.5 2.72940301895
87.5 2.97945189476
87.5 2.72541308403
87.5 2.97899603844
87.5 2.73308610916
87.5 1.07629990578
93.75 2.97580695152
93.75 3.22439599037
93.75 2.73479890823
93.75 2.97897195816
93.75 3.23263406754
93.75 2.8657810688
100.0 0.0 0.671910047531
6.25 0.996607065201
12.5 0.669107913971
18.75 0.91942191124
25.0 0.668208837509
31.25 0.420480012894
37.5 0.419943094254
43.75 0.783299922943
50.0 0.782920122147
56.25 1.66076278687
62.5 0.423926830292
68.75 1.13846993446
75.0 0.861757040024
81.25 2.97915911674
87.5 2.72847414017
87.5 2.98039984703
87.5 2.97632408142
87.5 2.98044490814
87.5 2.98039197922
87.5 2.97908520699
87.5 3.24055099487
87.5 2.98690605164
87.5 3.23163509369
87.5 2.72813105583
87.5 2.97527599335
87.5 2.98148298264
87.5 2.7292330265
87.5 2.57136893272
93.75 3.22935295105
93.75 2.99476194382
93.75 2.98484587669
93.75 2.9786169529
93.75 3.23917794228
93.75 2.97667813301
93.75 2.72372698784
93.75 2.98193693161
93.75 2.73247218132
93.75 2.7328710556
93.75 3.22926402092
93.75 2.97183895111
93.75 2.73219203949
93.75 2.98151302338
93.75 0.42431807518
100.0 