0 0 10 0
1 0 20 0
2 0 33 0
3 1 43 0
4 2 63 0
5 2 73 0
6 4 92 0
7 5 105 0
8 11 173 0
9 14 199 0
10 15 209 0
11 23 269 6.25
12 31 330 6.25
13 39 389 6.25
14 48 445 6.25
15 56 492 18.75
16 66 548 18.75
0 0 10 0
1 0 20 0
2 1 35 0
3 1 45 0
4 2 59 0
5 3 69 0
6 3 79 0
7 5 93 0
8 6 103 0
9 8 124 0
10 11 148 0
11 12 158 0
12 19 211 0
13 23 241 0
14 33 305 6.25
15 42 356 18.75
16 60 457 12.5
0 0 10 0
1 0 20 0
2 0 30 0
3 1 40 0
4 1 50 0
5 2 60 0
6 3 70 0
7 5 92 0
8 6 102 0
9 7 112 0
10 8 122 0
11 16 185 6.25
12 23 242 6.25
13 38 341 6.25
14 47 399 18.75
15 57 460 37.5
16 67 519 62.5
0 0 10 0
1 1 20 0
2 1 30 0
3 1 40 0
4 2 50 0
5 3 60 0
6 3 70 0
7 4 80 0
8 5 90 0
9 7 105 0
10 8 115 0
11 10 135 0
12 13 157 0
13 15 167 0
14 18 190 0
15 27 240 6.25
16 35 290 18.75
0 0 10 0
1 0 20 0
2 0 30 0
3 1 40 0
4 1 50 0
5 2 60 0
6 3 70 0
7 4 80 0
8 4 90 0
9 7 117 0
10 10 141 0
11 13 164 0
12 20 213 0
13 24 242 0
14 30 283 0
15 40 339 6.25
16 50 398 18.75
0 0 10 0
1 0 20 0
2 0 30 0
3 1 40 0
4 1 50 0
5 2 60 0
6 3 70 0
7 4 84 0
8 5 94 0
9 6 104 0
10 9 133 0
11 10 143 0
12 15 178 0
13 17 192 0
14 22 225 0
15 33 288 6.25
16 44 353 18.75
0 0 10 0
1 0 24 0
2 1 34 0
3 1 44 0
4 2 54 0
5 2 64 0
6 4 92 0
7 6 110 0
8 7 120 0
9 8 130 0
10 9 140 0
11 13 175 0
12 21 234 6.25
13 28 286 6.25
14 38 346 6.25
15 47 401 18.75
16 57 460 37.5
0 0 10 0
1 1 25 0
2 1 35 0
3 1 45 0
4 2 55 0
5 2 65 0
6 3 75 0
7 5 100 0
8 6 110 0
9 9 143 0
10 10 153 0
11 11 163 0
12 14 189 0
13 16 199 0
14 24 256 0
15 34 318 6.25
16 46 386 18.75
0 0 10 0
1 0 20 0
2 0 30 0
3 1 40 0
4 1 50 0
5 2 60 0
6 3 70 0
7 4 80 0
8 4 90 0
9 5 100 0
10 9 136 0
11 11 146 0
12 12 156 0
13 13 166 0
14 16 180 0
15 27 248 6.25
16 37 307 18.75
0 0 10 0
1 0 20 0
2 0 30 0
3 1 40 0
4 2 66 0
5 3 76 0
6 3 86 0
7 4 96 0
8 5 106 0
9 8 141 0
10 10 151 0
11 11 161 0
12 12 171 0
13 19 220 6.25
14 29 283 6.25
15 44 378 6.25
16 54 438 18.75
0 0 10 0
1 1 20 0
2 2 58 0
3 2 68 0
4 4 113 0
5 5 126 0
6 6 136 0
7 7 146 0
8 8 156 0
9 9 166 0
10 10 176 0
11 12 195 0
12 18 243 0
13 20 253 0
14 26 294 0
15 34 345 6.25
16 46 413 18.75
0 0 10 0
1 0 20 0
2 1 30 0
3 1 40 0
4 2 50 0
5 2 60 0
6 3 70 0
7 5 102 0
8 6 112 0
9 7 122 0
10 10 144 0
11 11 154 0
12 19 215 6.25
13 29 285 6.25
14 44 386 6.25
15 55 451 6.25
16 66 513 6.25
0 0 10 0
1 1 28 0
2 1 38 0
3 1 48 0
4 2 58 0
5 3 77 0
6 4 87 0
7 5 97 0
8 5 107 0
9 6 117 0
10 7 127 0
11 9 143 0
12 11 161 0
13 17 204 0
14 25 258 6.25
15 40 350 6.25
16 51 412 18.75
0 0 10 0
1 0 20 0
2 0 30 0
3 1 40 0
4 2 61 0
5 2 71 0
6 3 81 0
7 4 91 0
8 5 101 0
9 6 111 0
10 9 143 0
11 15 185 0
12 20 223 0
13 27 279 6.25
14 36 337 6.25
15 51 431 6.25
16 62 491 6.25
0 0 10 0
1 0 20 0
2 1 30 0
3 1 40 0
4 2 61 0
5 3 71 0
6 3 81 0
7 4 91 0
8 5 101 0
9 6 111 0
10 7 121 0
11 10 141 0
12 15 178 0
13 21 226 6.25
14 29 279 6.25
15 39 340 18.75
16 52 412 18.75
0 0 10 0
1 1 20 0
2 1 30 0
3 1 40 0
4 2 50 0
5 2 60 0
6 3 70 0
7 6 103 0
8 7 113 0
9 8 123 0
10 9 133 0
11 10 143 0
12 14 173 0
13 15 183 0
14 17 193 0
15 28 264 6.25
16 37 313 18.75
0 0 10 0
1 1 20 0
2 1 30 0
3 2 47 0
4 2 57 0
5 3 67 0
6 3 77 0
7 4 87 0
8 5 97 0
9 7 116 0
10 8 126 0
11 9 136 0
12 11 149 0
13 17 192 0
14 26 252 6.25
15 37 317 6.25
16 48 379 18.75
0 0 10 0
1 0 20 0
2 1 45 0
3 1 60 0
4 2 70 0
5 3 85 0
6 3 95 0
7 4 105 0
8 5 115 0
9 8 146 0
10 9 156 0
11 12 181 0
12 14 191 0
13 15 201 0
14 17 211 0
15 26 270 6.25
16 37 330 18.75
0 0 10 0
1 0 20 0
2 1 42 0
3 1 52 0
4 2 62 0
5 2 72 0
6 3 82 0
7 4 92 0
8 5 102 0
9 6 112 0
10 7 122 0
11 8 132 0
12 10 146 0
13 11 156 0
14 21 222 6.25
15 32 290 6.25
16 43 352 6.25
0 0 10 0
1 0 20 0
2 1 40 0
3 1 50 0
4 1 60 0
5 2 70 0
6 3 80 0
7 4 90 0
8 6 118 0
9 9 145 0
10 10 155 0
11 12 171 0
12 13 181 0
13 15 191 0
14 24 255 6.25
15 36 327 18.75
16 47 390 18.75
0 0 10 0
1 0 20 0
2 0 30 0
3 1 40 0
4 2 65 0
5 3 85 0
6 4 95 0
7 6 123 0
8 7 133 0
9 8 143 0
10 12 173 0
11 13 183 0
12 14 193 0
13 15 203 0
14 24 258 6.25
15 32 311 18.75
16 44 378 37.5
0 0 10 0
1 0 20 0
2 0 30 0
3 1 40 0
4 2 57 0
5 2 67 0
6 3 77 0
7 5 102 0
8 6 112 0
9 7 122 0
10 8 132 0
11 9 142 0
12 11 152 0
13 19 208 6.25
14 26 260 18.75
15 42 365 12.5
16 53 425 25
0 0 10 0
1 0 20 0
2 0 30 0
3 1 40 0
4 1 50 0
5 2 60 0
6 3 70 0
7 4 93 0
8 9 146 0
9 15 200 6.25
10 22 263 6.25
11 30 335 6.25
12 39 401 6.25
13 50 477 6.25
14 58 530 6.25
15 68 595 6.25
16 79 659 18.75
0 0 10 0
1 0 20 0
2 1 30 0
3 1 40 0
4 1 50 0
5 1 60 0
6 2 70 0
7 3 80 0
8 4 90 0
9 5 100 0
10 6 110 0
11 8 120 0
12 9 130 0
13 11 148 0
14 12 158 0
15 15 176 0
16 22 213 0
0 0 10 0
1 1 20 0
2 1 30 0
3 1 40 0
4 3 63 0
5 3 73 0
6 4 88 0
7 5 103 0
8 6 113 0
9 7 123 0
10 11 158 0
11 13 172 0
12 22 237 6.25
13 32 311 6.25
14 46 403 6.25
15 58 478 6.25
16 68 536 18.75
0 0 10 0
1 0 20 0
2 1 45 0
3 3 93 0
4 3 103 0
5 4 113 0
6 6 140 0
7 7 150 0
8 8 160 0
9 9 170 0
10 10 185 0
11 17 242 0
12 24 292 0
13 26 308 0
14 28 318 0
15 29 328 0
16 42 402 6.25
0 1 10 0
1 1 20 0
2 1 30 0
3 1 40 0
4 2 50 0
5 3 60 0
6 3 70 0
7 4 80 0
8 6 104 0
9 7 114 0
10 8 124 0
11 15 182 6.25
12 21 234 18.75
13 31 299 37.5
14 42 372 37.5
15 57 465 37.5
16 66 521 62.5
0 0 10 0
1 0 20 0
2 1 38 0
3 1 48 0
4 2 58 0
5 2 68 0
6 3 78 0
7 4 88 0
8 5 98 0
9 6 108 0
10 7 118 0
11 14 173 6.25
12 22 234 6.25
13 30 291 6.25
14 43 376 6.25
15 53 437 6.25
16 63 496 18.75
0 0 10 0
1 0 20 0
2 1 33 0
3 1 43 0
4 2 53 0
5 3 74 0
6 4 84 0
7 4 94 0
8 5 104 0
9 11 164 6.25
10 18 227 6.25
11 27 294 6.25
12 35 361 6.25
13 43 414 6.25
14 54 488 6.25
15 65 555 18.75
16 83 660 18.75
0 0 10 0
1 0 20 0
2 1 39 0
3 1 49 0
4 3 80 0
5 7 146 6.25
6 12 213 6.25
7 16 263 6.25
8 21 323 6.25
9 27 380 6.25
10 34 439 12.5
11 40 489 12.5
12 52 582 12.5
13 60 641 12.5
14 68 694 12.5
15 79 761 12.5
16 90 825 12.5
0 0 10 0
1 1 20 0
2 1 30 0
3 1 40 0
4 2 50 0
5 4 83 0
6 6 115 0
7 7 125 0
8 8 135 0
9 9 145 0
10 10 155 0
11 13 177 0
12 14 187 0
13 15 197 0
14 25 258 6.25
15 37 332 6.25
16 48 397 18.75
0 0 10 0
1 0 20 0
2 0 30 0
3 1 52 0
4 2 70 0
5 3 80 0
6 4 90 0
7 5 109 0
8 9 150 0
9 10 160 0
10 11 170 0
11 13 189 0
12 20 240 0
13 23 258 0
14 32 318 6.25
15 46 404 6.25
16 60 485 6.25
0 1 10 0
1 1 49 0
2 2 59 0
3 2 69 0
4 3 79 0
5 4 110 0
6 5 120 0
7 7 147 0
8 8 157 0
9 9 167 0
10 10 177 0
11 14 205 0
12 21 260 6.25
13 35 359 6.25
14 44 418 18.75
15 57 497 18.75
16 68 562 37.5
0 0 10 0
1 0 20 0
2 0 30 0
3 1 40 0
4 1 50 0
5 2 60 0
6 3 70 0
7 3 80 0
8 7 113 0
9 9 139 0
10 10 149 0
11 15 185 0
12 16 195 0
13 20 225 0
14 30 287 6.25
15 39 345 18.75
16 53 427 18.75
0 0 10 0
1 1 29 0
2 1 39 0
3 1 49 0
4 2 59 0
5 2 69 0
6 3 83 0
7 4 93 0
8 6 108 0
9 7 118 0
10 10 147 0
11 11 157 0
12 17 204 0
13 24 251 6.25
14 39 353 6.25
15 49 412 18.75
16 60 476 37.5
0 0 10 0
1 0 20 0
2 0 30 0
3 1 40 0
4 1 50 0
5 2 60 0
6 3 70 0
7 3 80 0
8 4 90 0
9 6 107 0
10 8 128 0
11 10 141 0
12 11 151 0
13 14 173 0
14 24 233 6.25
15 33 293 6.25
16 42 345 6.25
0 0 10 0
1 0 20 0
2 1 30 0
3 1 40 0
4 2 50 0
5 2 60 0
6 5 102 0
7 6 112 0
8 7 122 0
9 9 145 0
10 10 155 0
11 12 165 0
12 20 231 6.25
13 28 284 6.25
14 35 334 6.25
15 44 389 18.75
16 55 454 18.75
0 1 10 0
1 1 20 0
2 1 34 0
3 2 44 0
4 2 54 0
5 3 64 0
6 4 82 0
7 5 92 0
8 6 106 0
9 7 116 0
10 9 134 0
11 13 167 0
12 14 177 0
13 24 245 6.25
14 34 308 6.25
15 42 360 18.75
16 51 412 37.5
0 0 10 0
1 0 20 0
2 1 30 0
3 1 40 0
4 1 50 0
5 4 85 0
6 5 101 0
7 6 116 0
8 10 163 0
9 15 210 0
10 16 220 0
11 23 275 6.25
12 31 336 6.25
13 42 415 6.25
14 51 471 18.75
15 61 537 18.75
16 71 596 37.5
0 0 10 0
1 1 20 0
2 1 30 0
3 1 45 0
4 1 55 0
5 2 65 0
6 2 75 0
7 3 85 0
8 4 95 0
9 8 130 0
10 9 140 0
11 12 169 0
12 17 207 0
13 27 275 6.25
14 35 330 18.75
15 44 387 37.5
16 56 452 62.5
0 0 10 0
1 0 20 0
2 0 30 0
3 1 40 0
4 1 50 0
5 2 69 0
6 3 79 0
7 4 89 0
8 8 137 0
9 9 147 0
10 10 157 0
11 12 167 0
12 19 221 6.25
13 27 277 18.75
14 36 341 37.5
15 47 406 37.5
16 58 470 62.5
0 0 10 0
1 0 20 0
2 1 30 0
3 1 40 0
4 2 50 0
5 2 60 0
6 3 70 0
7 4 80 0
8 5 90 0
9 6 100 0
10 7 110 0
11 8 120 0
12 10 130 0
13 12 150 0
14 14 160 0
15 25 227 6.25
16 35 284 6.25
0 0 10 0
1 0 20 0
2 0 30 0
3 0 40 0
4 1 59 0
5 2 74 0
6 3 84 0
7 5 102 0
8 5 112 0
9 6 122 0
10 8 132 0
11 12 168 0
12 19 224 6.25
13 30 301 6.25
14 39 353 6.25
15 48 413 6.25
16 58 469 6.25
0 0 10 0
1 0 20 0
2 1 30 0
3 1 40 0
4 2 50 0
5 2 60 0
6 3 74 0
7 4 84 0
8 5 94 0
9 8 129 0
10 10 139 0
11 11 149 0
12 14 173 0
13 15 183 0
14 23 231 0
15 31 281 6.25
16 41 341 18.75
0 0 10 0
1 0 20 0
2 1 30 0
3 1 40 0
4 2 50 0
5 2 60 0
6 3 70 0
7 4 80 0
8 5 90 0
9 6 100 0
10 7 110 0
11 12 152 0
12 15 177 0
13 17 187 0
14 26 245 6.25
15 36 311 6.25
16 47 374 18.75
0 0 10 0
1 0 20 0
2 0 30 0
3 1 48 0
4 2 58 0
5 2 68 0
6 3 78 0
7 4 88 0
8 5 98 0
9 6 108 0
10 9 134 0
11 10 144 0
12 11 154 0
13 13 164 0
14 21 222 6.25
15 34 301 6.25
16 44 357 18.75
0 0 10 0
1 1 20 0
2 1 30 0
3 2 50 0
4 2 60 0
5 3 70 0
6 4 80 0
7 4 90 0
8 5 100 0
9 6 110 0
10 7 120 0
11 9 130 0
12 10 140 0
13 17 186 6.25
14 26 250 18.75
15 44 358 18.75
16 54 416 37.5
0 0 10 0
1 1 20 0
2 1 30 0
3 2 51 0
4 2 61 0
5 3 71 0
6 4 81 0
7 4 91 0
8 7 122 0
9 8 132 0
10 9 142 0
11 12 159 0
12 13 169 0
13 20 223 6.25
14 30 285 6.25
15 40 346 6.25
16 56 438 6.25
0 0 10 0
1 1 20 0
2 1 30 0
3 1 40 0
4 2 50 0
5 3 60 0
6 4 75 0
7 4 85 0
8 7 111 0
9 9 137 0
10 11 152 0
11 12 162 0
12 15 180 0
13 23 242 6.25
14 32 298 6.25
15 42 362 6.25
16 54 431 18.75
0 0 10 0
1 0 20 0
2 0 31 0
3 1 58 0
4 2 68 0
5 2 78 0
6 6 122 0
7 6 132 0
8 7 142 0
9 8 152 0
10 9 162 0
11 11 172 0
12 13 189 0
13 18 224 0
14 27 282 6.25
15 35 335 6.25
16 46 397 18.75
0 0 10 0
1 0 20 0
2 1 33 0
3 1 43 0
4 2 59 0
5 3 69 0
6 3 79 0
7 4 89 0
8 5 99 0
9 10 151 0
10 11 161 0
11 13 178 0
12 21 235 6.25
13 29 290 6.25
14 38 351 6.25
15 52 440 6.25
16 61 490 18.75
0 0 10 0
1 1 20 0
2 1 30 0
3 1 40 0
4 2 50 0
5 2 60 0
6 3 70 0
7 4 80 0
8 5 90 0
9 6 100 0
10 9 127 0
11 10 137 0
12 18 197 6.25
13 31 288 6.25
14 40 350 18.75
15 49 403 37.5
16 59 460 62.5
0 0 10 0
1 0 20 0
2 0 30 0
3 1 40 0
4 2 65 0
5 3 89 0
6 4 99 0
7 5 109 0
8 11 170 6.25
9 17 235 6.25
10 23 288 6.25
11 31 355 6.25
12 39 413 6.25
13 54 522 6.25
14 67 606 6.25
15 77 670 18.75
16 95 774 18.75
0 0 10 0
1 0 20 0
2 0 30 0
3 1 40 0
4 1 50 0
5 2 60 0
6 2 70 0
7 3 80 0
8 7 118 0
9 8 128 0
10 12 170 0
11 14 184 0
12 15 194 0
13 22 243 6.25
14 32 303 18.75
15 49 408 18.75
16 60 474 37.5
0 0 10 0
1 1 20 0
2 1 42 0
3 2 60 0
4 2 70 0
5 3 84 0
6 4 94 0
7 5 111 0
8 6 121 0
9 7 131 0
10 8 141 0
11 10 151 0
12 11 161 0
13 12 171 0
14 21 227 0
15 26 257 0
16 31 287 0
0 0 10 0
1 1 20 0
2 1 30 0
3 1 40 0
4 2 50 0
5 5 95 0
6 5 105 0
7 6 115 0
8 7 125 0
9 9 148 0
10 10 158 0
11 12 172 0
12 20 232 6.25
13 29 292 18.75
14 38 351 12.5
15 47 408 25
16 56 462 25
0 0 10 0
1 1 20 0
2 1 30 0
3 1 40 0
4 2 50 0
5 2 60 0
6 3 70 0
7 4 80 0
8 5 90 0
9 6 100 0
10 7 110 0
11 8 120 0
12 10 130 0
13 13 154 0
14 16 177 0
15 26 237 6.25
16 39 310 6.25
0 0 10 0
1 0 20 0
2 1 30 0
3 2 57 0
4 4 107 6.25
5 7 159 6.25
6 12 217 6.25
7 17 286 6.25
8 23 351 6.25
9 30 418 6.25
10 36 469 6.25
11 45 543 6.25
12 59 650 6.25
13 71 736 6.25
14 86 833 6.25
15 100 919 6.25
16 113 999 6.25
0 0 10 0
1 1 20 0
2 1 30 0
3 1 40 0
4 3 63 0
5 3 73 0
6 4 83 0
7 5 100 0
8 6 110 0
9 13 173 6.25
10 19 231 6.25
11 26 287 6.25
12 33 338 6.25
13 43 410 6.25
14 52 470 18.75
15 63 535 37.5
16 73 598 62.5
0 0 10 0
1 0 20 0
2 1 36 0
3 1 46 0
4 2 56 0
5 3 70 0
6 3 80 0
7 5 96 0
8 6 106 0
9 10 153 0
10 11 163 0
11 16 198 0
12 20 229 0
13 26 276 0
14 36 337 6.25
15 46 400 18.75
16 56 457 37.5
0 0 10 0
1 0 20 0
2 0 30 0
3 1 42 0
4 1 52 0
5 3 70 0
6 4 87 0
7 5 97 0
8 6 110 0
9 7 120 0
10 8 130 0
11 13 168 0
12 14 178 0
13 15 188 0
14 24 245 6.25
15 33 297 18.75
16 42 354 37.5
0 0 10 0
1 0 20 0
2 1 38 0
3 1 52 0
4 2 62 0
5 3 89 0
6 4 99 0
7 6 117 0
8 7 127 0
9 8 137 0
10 9 147 0
11 10 157 0
12 14 188 0
13 22 245 6.25
14 32 306 6.25
15 41 362 18.75
16 49 409 37.5
0 0 10 0
1 0 20 0
2 0 30 0
3 1 40 0
4 1 50 0
5 2 60 0
6 3 70 0
7 4 80 0
8 5 100 0
9 10 142 0
10 11 152 0
11 15 189 0
12 20 228 0
13 22 238 0
14 30 293 6.25
15 38 343 18.75
16 47 393 37.5
0 0 10 0
1 0 20 0
2 1 30 0
3 1 40 0
4 3 76 0
5 4 86 0
6 5 109 0
7 6 119 0
8 9 148 0
9 10 158 0
10 11 168 0
11 14 191 0
12 16 210 0
13 26 278 6.25
14 37 350 6.25
15 46 408 18.75
16 57 470 37.5
0 0 10 0
1 0 20 0
2 0 30 0
3 2 56 0
4 2 66 0
5 3 76 0
6 4 90 0
7 5 100 0
8 6 110 0
9 8 134 0
10 9 144 0
11 17 207 6.25
12 24 266 6.25
13 34 331 6.25
14 41 380 18.75
15 52 445 18.75
16 61 498 37.5
0 0 10 0
1 1 26 0
2 2 58 0
3 2 68 0
4 2 78 0
5 3 94 0
6 5 110 0
7 5 120 0
8 6 130 0
9 7 140 0
10 15 205 6.25
11 22 266 6.25
12 31 334 6.25
13 39 393 6.25
14 48 452 6.25
15 58 511 18.75
16 70 579 37.5
0 0 10 0
1 0 20 0
2 1 30 0
3 1 40 0
4 2 50 0
5 3 72 0
6 4 82 0
7 4 92 0
8 5 102 0
9 6 112 0
10 8 122 0
11 9 132 0
12 10 142 0
13 13 165 0
14 22 224 6.25
15 32 285 6.25
16 47 371 6.25
0 0 10 0
1 0 20 0
2 0 30 0
3 1 40 0
4 1 50 0
5 2 60 0
6 3 70 0
7 4 90 0
8 6 108 0
9 11 160 0
10 12 170 0
11 14 180 0
12 15 190 0
13 23 246 6.25
14 33 310 18.75
15 41 365 18.75
16 53 431 37.5
0 0 10 0
1 0 20 0
2 0 30 0
3 1 40 0
4 1 50 0
5 2 60 0
6 3 70 0
7 4 87 0
8 5 97 0
9 6 107 0
10 7 117 0
11 10 144 0
12 14 170 0
13 21 219 0
14 22 229 0
15 28 265 0
16 38 323 6.25
0 0 10 0
1 1 20 0
2 1 30 0
3 1 40 0
4 2 50 0
5 3 60 0
6 3 70 0
7 6 107 0
8 7 117 0
9 12 161 0
10 13 171 0
11 20 228 6.25
12 28 288 6.25
13 37 351 18.75
14 48 425 37.5
15 56 473 62.5
16 66 533 62.5
0 0 10 0
1 1 29 0
2 1 39 0
3 1 49 0
4 2 59 0
5 2 69 0
6 3 82 0
7 5 97 0
8 6 107 0
9 7 117 0
10 11 155 0
11 12 165 0
12 16 195 0
13 24 249 6.25
14 32 301 6.25
15 47 399 6.25
16 58 460 18.75
0 0 10 0
1 0 20 0
2 0 36 0
3 1 53 0
4 2 63 0
5 2 73 0
6 3 83 0
7 4 93 0
8 5 108 0
9 7 123 0
10 9 142 0
11 10 152 0
12 14 185 0
13 19 214 0
14 27 269 6.25
15 41 357 6.25
16 52 420 18.75
0 0 10 0
1 0 20 0
2 1 39 0
3 1 49 0
4 2 59 0
5 3 78 0
6 4 91 0
7 5 101 0
8 7 122 0
9 8 132 0
10 9 142 0
11 10 152 0
12 18 215 6.25
13 27 273 6.25
14 36 335 6.25
15 46 394 6.25
16 56 451 18.75
0 0 10 0
1 1 26 0
2 1 36 0
3 1 46 0
4 2 56 0
5 3 66 0
6 3 76 0
7 4 86 0
8 5 96 0
9 6 109 0
10 8 119 0
11 10 136 0
12 16 181 0
13 20 212 0
14 27 259 0
15 37 318 6.25
16 47 377 18.75
0 0 10 0
1 0 20 0
2 0 30 0
3 1 40 0
4 2 72 0
5 3 82 0
6 5 117 0
7 10 169 0
8 11 179 0
9 13 205 0
10 14 215 0
11 22 274 6.25
12 28 327 6.25
13 37 396 18.75
14 49 473 18.75
15 60 539 37.5
16 72 609 37.5
0 0 10 0
1 0 20 0
2 0 30 0
3 1 40 0
4 1 50 0
5 2 60 0
6 3 70 0
7 3 80 0
8 4 90 0
9 5 100 0
10 7 114 0
11 8 124 0
12 12 151 0
13 13 161 0
14 19 201 0
15 28 255 0
16 38 312 6.25
0 0 10 0
1 0 20 0
2 1 30 0
3 3 92 0
4 4 102 0
5 4 112 0
6 6 131 0
7 7 141 0
8 11 185 0
9 12 195 0
10 14 220 0
11 16 230 0
12 18 244 0
13 19 254 0
14 26 302 0
15 37 366 6.25
16 48 432 18.75
0 1 10 0
1 1 27 0
2 1 37 0
3 2 47 0
4 2 57 0
5 3 67 0
6 3 77 0
7 4 87 0
8 8 123 0
9 9 133 0
10 10 143 0
11 11 153 0
12 12 163 0
13 15 182 0
14 24 243 6.25
15 34 301 18.75
16 44 362 37.5
0 0 10 0
1 1 20 0
2 1 30 0
3 1 40 0
4 2 50 0
5 4 80 0
6 5 99 0
7 7 118 0
8 8 128 0
9 11 163 0
10 15 194 0
11 17 215 0
12 18 225 0
13 24 263 0
14 25 273 0
15 27 283 0
16 36 338 6.25
0 0 10 0
1 0 20 0
2 1 30 0
3 1 40 0
4 2 50 0
5 2 60 0
6 4 82 0
7 5 92 0
8 6 102 0
9 7 112 0
10 8 122 0
11 9 132 0
12 10 142 0
13 12 152 0
14 13 162 0
15 23 221 6.25
16 33 278 18.75
0 0 10 0
1 0 20 0
2 1 30 0
3 1 40 0
4 3 66 0
5 3 76 0
6 5 100 0
7 6 110 0
8 7 120 0
9 8 130 0
10 9 140 0
11 12 167 0
12 13 177 0
13 15 187 0
14 25 252 6.25
15 34 308 6.25
16 43 360 6.25
0 0 10 0
1 0 20 0
2 1 30 0
3 1 40 0
4 2 61 0
5 3 71 0
6 4 81 0
7 5 96 0
8 6 106 0
9 7 116 0
10 8 126 0
11 9 140 0
12 10 150 0
13 11 160 0
14 20 218 6.25
15 32 292 6.25
16 42 351 18.75
0 0 10 0
1 0 20 0
2 1 30 0
3 1 40 0
4 2 50 0
5 2 60 0
6 3 70 0
7 4 80 0
8 5 95 0
9 6 105 0
10 9 129 0
11 15 177 0
12 16 187 0
13 17 197 0
14 19 207 0
15 28 266 6.25
16 39 329 18.75
0 0 10 0
1 0 20 0
2 1 30 0
3 1 40 0
4 2 50 0
5 2 60 0
6 3 70 0
7 5 91 0
8 6 101 0
9 7 111 0
10 10 142 0
11 11 152 0
12 17 194 0
13 18 204 0
14 26 255 6.25
15 38 331 18.75
16 53 416 18.75
0 0 10 0
1 0 20 0
2 1 30 0
3 1 40 0
4 1 50 0
5 2 60 0
6 3 70 0
7 4 80 0
8 5 90 0
9 6 104 0
10 9 132 0
11 10 142 0
12 12 152 0
13 17 190 0
14 26 252 6.25
15 42 349 6.25
16 52 406 18.75
0 0 10 0
1 1 36 0
2 1 46 0
3 1 56 0
4 2 66 0
5 2 76 0
6 3 86 0
7 4 102 0
8 5 112 0
9 7 130 0
10 8 140 0
11 10 150 0
12 18 211 6.25
13 30 296 6.25
14 43 384 6.25
15 59 486 6.25
16 74 572 6.25
0 1 10 0
1 1 20 0
2 1 30 0
3 2 44 0
4 2 54 0
5 3 72 0
6 4 82 0
7 5 92 0
8 6 102 0
9 7 112 0
10 11 149 0
11 13 165 0
12 14 175 0
13 22 228 6.25
14 30 286 18.75
15 41 351 18.75
16 51 409 37.5
0 0 10 0
1 0 20 0
2 1 30 0
3 1 40 0
4 2 67 0
5 3 77 0
6 4 87 0
7 5 102 0
8 8 132 0
9 9 142 0
10 11 158 0
11 13 178 0
12 14 188 0
13 19 223 0
14 28 282 6.25
15 42 369 6.25
16 52 426 18.75
0 0 10 0
1 0 20 0
2 1 30 0
3 1 40 0
4 2 50 0
5 2 60 0
6 3 70 0
7 4 80 0
8 8 121 0
9 9 131 0
10 15 189 6.25
11 23 254 6.25
12 30 309 6.25
13 38 361 6.25
14 46 419 6.25
15 57 488 6.25
16 69 554 18.75
0 0 10 0
1 0 20 0
2 1 30 0
3 1 40 0
4 2 50 0
5 2 60 0
6 3 70 0
7 4 80 0
8 5 90 0
9 6 100 0
10 8 120 0
11 9 130 0
12 10 140 0
13 12 150 0
14 20 203 6.25
15 29 261 18.75
16 40 322 37.5
0 1 10 0
1 1 20 0
2 1 30 0
3 1 40 0
4 2 50 0
5 3 60 0
6 3 70 0
7 4 80 0
8 5 90 0
9 8 115 0
10 14 175 6.25
11 22 236 6.25
12 29 293 6.25
13 37 345 6.25
14 46 406 6.25
15 55 460 18.75
16 65 522 37.5
0 0 10 0
1 0 20 0
2 1 30 0
3 1 40 0
4 3 83 0
5 4 93 0
6 5 103 0
7 5 113 0
8 6 123 0
9 12 176 0
10 13 186 0
11 14 196 0
12 21 252 6.25
13 30 312 18.75
14 39 368 18.75
15 48 426 37.5
16 59 488 62.5
0 0 10 0
1 0 20 0
2 0 30 0
3 1 40 0
4 1 50 0
5 2 63 0
6 3 77 0
7 4 87 0
8 5 97 0
9 8 129 0
10 13 173 0
11 14 183 0
12 15 193 0
13 21 231 0
14 22 241 0
15 30 291 6.25
16 40 349 18.75
0 0 10 0
1 1 20 0
2 1 30 0
3 1 40 0
4 2 50 0
5 2 60 0
6 5 98 0
7 6 108 0
8 7 118 0
9 10 147 0
10 11 157 0
11 12 167 0
12 19 220 6.25
13 28 283 6.25
14 38 346 6.25
15 47 406 18.75
16 60 482 18.75
0 1 10 0
1 1 20 0
2 1 30 0
3 2 40 0
4 2 59 0
5 3 80 0
6 3 90 0
7 4 100 0
8 6 120 0
9 7 130 0
10 13 187 6.25
11 24 273 6.25
12 32 334 6.25
13 42 405 6.25
14 53 479 6.25
15 65 552 6.25
16 75 608 18.75
0 0 10 0
1 0 20 0
2 1 30 0
3 1 40 0
4 2 50 0
5 2 60 0
6 3 70 0
7 4 80 0
8 5 90 0
9 6 100 0
10 8 124 0
11 10 134 0
12 11 144 0
13 14 164 0
14 16 179 0
15 18 189 0
16 23 220 0
0 0 10 0
1 1 20 0
2 1 30 0
3 1 40 0
4 2 50 0
5 2 60 0
6 3 70 0
7 5 95 0
8 6 108 0
9 7 118 0
10 9 135 0
11 10 145 0
12 13 165 0
13 17 190 0
14 18 200 0
15 27 255 6.25
16 41 339 6.25
0 0 10 0
1 0 20 0
2 1 30 0
3 1 40 0
4 1 50 0
5 2 60 0
6 4 84 0
7 6 109 0
8 7 119 0
9 8 129 0
10 9 139 0
11 10 149 0
12 13 168 0
13 14 178 0
14 19 211 0
15 30 281 6.25
16 44 360 6.25
0 0 10 0
1 0 20 0
2 0 30 0
3 1 40 0
4 1 50 0
5 2 60 0
6 3 70 0
7 3 80 0
8 3 90 0
9 8 138 0
10 9 148 0
11 12 172 0
12 14 182 0
13 22 243 6.25
14 31 300 6.25
15 47 398 6.25
16 58 462 6.25
0 0 10 0
1 0 20 0
2 0 30 0
3 2 68 0
4 2 78 0
5 3 91 0
6 5 118 0
7 6 128 0
8 7 138 0
9 8 148 0
10 9 158 0
11 11 175 0
12 12 185 0
13 15 206 0
14 24 262 6.25
15 31 307 18.75
16 45 390 18.75
