0 0 10 0
1 0 20 0
2 1 30 0
3 1 40 0
4 2 50 0
5 2 60 0
6 3 70 0
7 4 80 0
8 5 100 0
9 6 110 0
10 9 130 0
11 10 140 0
12 11 150 0
13 13 160 0
14 16 180 0
15 30 270 0
16 51 390 6.25
0 0 10 0
1 0 20 0
2 0 30 0
3 1 40 0
4 1 50 0
5 3 70 0
6 4 90 0
7 5 100 0
8 6 110 0
9 13 180 0
10 14 190 0
11 15 200 0
12 20 240 0
13 26 280 0
14 35 340 0
15 38 360 0
16 40 370 0
0 0 10 0
1 0 20 0
2 0 30 0
3 1 40 0
4 1 50 0
5 2 60 0
6 2 70 0
7 5 100 0
8 6 110 0
9 8 130 0
10 9 140 0
11 14 180 0
12 16 200 0
13 23 250 0
14 38 350 0
15 57 470 6.25
16 78 590 18.75
0 0 10 0
1 0 20 0
2 0 30 0
3 3 100 0
4 3 110 0
5 4 120 0
6 5 130 0
7 6 150 0
8 8 170 0
9 9 180 0
10 11 200 0
11 18 250 0
12 19 260 0
13 20 270 0
14 23 290 0
15 43 410 6.25
16 63 530 18.75
0 0 10 0
1 0 20 0
2 0 30 0
3 1 40 0
4 2 60 0
5 2 70 0
6 4 90 0
7 4 100 0
8 6 120 0
9 7 130 0
10 8 140 0
11 10 150 0
12 11 160 0
13 12 170 0
14 14 180 0
15 33 300 6.25
16 57 440 6.25
0 0 10 0
1 0 20 0
2 1 30 0
3 1 40 0
4 1 50 0
5 1 60 0
6 2 70 0
7 3 80 0
8 4 90 0
9 5 100 0
10 6 110 0
11 7 120 0
12 8 130 0
13 25 250 6.25
14 50 410 6.25
15 69 530 6.25
16 98 700 6.25
0 0 10 0
1 0 20 0
2 0 30 0
3 1 50 0
4 2 60 0
5 2 70 0
6 3 80 0
7 4 90 0
8 6 110 0
9 7 120 0
10 9 140 0
11 14 180 0
12 16 200 0
13 18 210 0
14 19 220 0
15 39 340 6.25
16 59 460 18.75
0 0 10 0
1 0 20 0
2 1 30 0
3 1 40 0
4 2 50 0
5 2 60 0
6 3 70 0
7 4 80 0
8 5 90 0
9 6 100 0
10 8 120 0
11 10 140 0
12 12 150 0
13 14 170 0
14 22 220 0
15 25 240 0
16 46 360 6.25
0 0 10 0
1 0 20 0
2 1 30 0
3 1 40 0
4 2 70 0
5 3 80 0
6 5 110 0
7 7 130 0
8 8 140 0
9 9 150 0
10 10 160 0
11 11 170 0
12 12 180 0
13 14 190 0
14 15 200 0
15 35 320 6.25
16 62 480 6.25
0 0 10 0
1 0 20 0
2 0 40 0
3 1 60 0
4 2 80 0
5 3 90 0
6 4 100 0
7 5 120 0
8 6 130 0
9 7 140 0
10 12 180 0
11 13 190 0
12 18 230 0
13 19 240 0
14 30 310 0
15 32 320 0
16 44 390 0
0 0 10 0
1 0 20 0
2 0 30 0
3 1 40 0
4 2 60 0
5 2 70 0
6 3 80 0
7 4 90 0
8 5 100 0
9 6 110 0
10 9 140 0
11 10 150 0
12 18 210 0
13 20 220 0
14 23 240 0
15 24 250 0
16 45 370 0
0 0 10 0
1 0 30 0
2 1 40 0
3 1 50 0
4 2 60 0
5 2 70 0
6 3 80 0
7 13 200 0
8 13 210 0
9 15 230 0
10 16 240 0
11 30 360 0
12 31 370 0
13 33 380 0
14 36 400 0
15 38 410 0
16 39 420 0
0 0 10 0
1 1 30 0
2 1 40 0
3 1 50 0
4 2 60 0
5 3 70 0
6 3 80 0
7 4 90 0
8 6 110 0
9 7 120 0
10 8 130 0
11 10 150 0
12 17 200 0
13 21 230 0
14 30 290 0
15 32 300 0
16 53 420 6.25
0 1 10 0
1 1 20 0
2 1 30 0
3 2 40 0
4 3 60 0
5 4 80 0
6 4 90 0
7 5 100 0
8 6 110 0
9 7 120 0
10 8 130 0
11 12 160 0
12 15 180 0
13 17 200 0
14 22 230 0
15 41 350 6.25
16 62 470 18.75
0 0 10 0
1 0 30 0
2 1 40 0
3 1 50 0
4 2 60 0
5 2 70 0
6 4 100 0
7 5 110 0
8 6 120 0
9 10 160 0
10 11 170 0
11 12 180 0
12 14 190 0
13 17 210 0
14 29 290 0
15 48 410 6.25
16 70 540 6.25
0 0 10 0
1 1 20 0
2 1 30 0
3 2 60 0
4 3 70 0
5 3 80 0
6 4 90 0
7 5 100 0
8 6 110 0
9 7 120 0
10 16 200 0
11 17 210 0
12 21 240 0
13 25 270 0
14 28 290 0
15 39 360 0
16 41 370 0
0 0 10 0
1 0 20 0
2 1 30 0
3 1 40 0
4 2 50 0
5 2 60 0
6 6 110 0
7 6 120 0
8 7 130 0
9 8 140 0
10 9 150 0
11 12 170 0
12 17 210 0
13 19 220 0
14 23 250 0
15 26 270 0
16 42 360 0
0 0 10 0
1 0 20 0
2 0 30 0
3 1 40 0
4 1 50 0
5 2 60 0
6 3 80 0
7 4 90 0
8 7 120 0
9 8 130 0
10 10 150 0
11 11 160 0
12 20 230 0
13 37 350 0
14 54 460 0
15 56 470 0
16 76 590 6.25
0 0 10 0
1 1 20 0
2 1 30 0
3 1 40 0
4 2 50 0
5 2 60 0
6 3 70 0
7 4 80 0
8 5 90 0
9 6 100 0
10 8 120 0
11 14 170 0
12 15 180 0
13 21 220 0
14 38 330 0
15 54 430 0
16 56 440 0
0 0 10 0
1 0 40 0
2 1 50 0
3 1 60 0
4 1 70 0
5 2 80 0
6 3 90 0
7 4 110 0
8 6 130 0
9 9 160 0
10 10 170 0
11 14 200 0
12 15 210 0
13 17 220 0
14 18 230 0
15 38 350 6.25
16 58 470 18.75
0 0 10 0
1 0 20 0
2 1 30 0
3 2 50 0
4 2 60 0
5 3 70 0
6 3 80 0
7 8 140 0
8 10 160 0
9 13 190 0
10 14 200 0
11 18 230 0
12 22 260 0
13 36 360 0
14 40 390 0
15 60 510 6.25
16 91 690 6.25
0 0 10 0
1 0 20 0
2 1 40 0
3 1 50 0
4 2 60 0
5 2 70 0
6 4 90 0
7 7 130 0
8 9 160 0
9 12 180 0
10 15 210 0
11 17 230 0
12 28 310 0
13 31 330 0
14 34 350 0
15 53 470 6.25
16 93 700 6.25
0 1 10 0
1 1 50 0
2 2 60 0
3 3 80 0
4 3 90 0
5 4 100 0
6 4 110 0
7 5 120 0
8 6 130 0
9 7 140 0
10 8 150 0
11 9 160 0
12 15 200 0
13 16 210 0
14 31 310 0
15 33 320 0
16 53 440 6.25
0 0 10 0
1 1 20 0
2 1 30 0
3 1 40 0
4 2 50 0
5 2 60 0
6 3 70 0
7 5 90 0
8 7 110 0
9 8 120 0
10 10 140 0
11 17 200 0
12 20 220 0
13 21 230 0
14 27 270 0
15 45 380 0
16 66 500 6.25
0 1 10 0
1 1 20 0
2 1 30 0
3 1 40 0
4 1 50 0
5 2 60 0
6 2 70 0
7 3 80 0
8 4 90 0
9 5 100 0
10 12 160 0
11 13 170 0
12 25 260 0
13 26 270 0
14 32 310 0
15 48 410 0
16 50 420 0
0 0 10 0
1 0 20 0
2 1 40 0
3 1 50 0
4 2 60 0
5 2 70 0
6 3 80 0
7 5 100 0
8 7 120 0
9 8 130 0
10 12 170 0
11 19 230 0
12 21 240 0
13 38 360 6.25
14 60 510 6.25
15 86 670 6.25
16 107 790 18.75
0 0 10 0
1 0 20 0
2 0 30 0
3 4 120 0
4 4 130 0
5 6 150 0
6 6 160 0
7 10 200 0
8 17 280 0
9 18 290 0
10 20 310 0
11 21 320 0
12 24 340 0
13 37 430 0
14 55 550 6.25
15 74 670 18.75
16 100 820 18.75
0 0 10 0
1 0 20 0
2 1 30 0
3 1 40 0
4 1 50 0
5 2 60 0
6 3 70 0
7 4 80 0
8 8 130 0
9 12 170 0
10 13 180 0
11 14 190 0
12 18 220 0
13 20 230 0
14 38 350 6.25
15 57 470 18.75
16 78 590 37.5
0 0 10 0
1 0 20 0
2 0 30 0
3 1 50 0
4 2 60 0
5 3 80 0
6 4 90 0
7 5 100 0
8 7 130 0
9 8 140 0
10 9 150 0
11 12 170 0
12 17 210 0
13 24 260 0
14 29 290 0
15 42 370 0
16 59 470 0
0 0 10 0
1 0 20 0
2 2 80 0
3 3 100 0
4 3 110 0
5 4 120 0
6 6 150 0
7 8 170 0
8 9 180 0
9 10 190 0
10 13 220 0
11 17 250 0
12 18 260 0
13 32 360 0
14 40 410 0
15 59 530 6.25
16 80 650 18.75
0 1 10 0
1 1 20 0
2 1 30 0
3 1 40 0
4 2 50 0
5 3 70 0
6 4 80 0
7 5 90 0
8 6 100 0
9 7 110 0
10 8 120 0
11 9 130 0
12 12 150 0
13 13 160 0
14 28 260 0
15 36 310 0
16 57 430 6.25
0 0 10 0
1 0 20 0
2 0 30 0
3 1 40 0
4 1 50 0
5 2 60 0
6 3 70 0
7 5 100 0
8 6 110 0
9 8 130 0
10 11 160 0
11 13 170 0
12 14 180 0
13 27 270 0
14 28 280 0
15 39 350 0
16 60 470 6.25
0 0 10 0
1 0 20 0
2 1 30 0
3 1 40 0
4 1 50 0
5 3 70 0
6 3 80 0
7 4 90 0
8 5 100 0
9 6 110 0
10 9 140 0
11 11 150 0
12 13 170 0
13 15 180 0
14 21 220 0
15 40 340 6.25
16 61 460 18.75
0 0 10 0
1 0 30 0
2 1 50 0
3 2 70 0
4 3 90 0
5 4 110 0
6 5 130 0
7 6 140 0
8 8 160 0
9 9 170 0
10 14 210 0
11 15 220 0
12 16 230 0
13 18 240 0
14 21 260 0
15 24 280 0
16 44 400 6.25
0 0 10 0
1 1 20 0
2 1 30 0
3 1 40 0
4 2 50 0
5 2 60 0
6 3 70 0
7 6 100 0
8 6 110 0
9 8 130 0
10 10 140 0
11 12 160 0
12 13 170 0
13 27 270 0
14 43 370 0
15 56 450 0
16 62 490 0
0 1 10 0
1 1 20 0
2 1 30 0
3 1 40 0
4 2 50 0
5 3 70 0
6 4 80 0
7 5 100 0
8 6 110 0
9 8 130 0
10 11 150 0
11 13 170 0
12 16 190 0
13 17 200 0
14 35 320 6.25
15 55 440 6.25
16 75 560 18.75
0 0 10 0
1 0 20 0
2 0 30 0
3 0 40 0
4 1 50 0
5 2 70 0
6 3 80 0
7 5 100 0
8 5 110 0
9 6 120 0
10 8 130 0
11 9 140 0
12 10 150 0
13 12 160 0
14 18 200 0
15 21 220 0
16 26 250 0
0 0 10 0
1 0 20 0
2 1 40 0
3 2 60 0
4 2 70 0
5 3 80 0
6 4 90 0
7 4 100 0
8 10 160 0
9 15 210 0
10 16 220 0
11 27 310 0
12 43 430 6.25
13 71 630 6.25
14 89 750 18.75
15 109 870 37.5
16 129 990 62.5
0 0 10 0
1 0 20 0
2 1 30 0
3 1 40 0
4 2 50 0
5 2 60 0
6 4 80 0
7 5 100 0
8 6 110 0
9 7 120 0
10 10 150 0
11 12 160 0
12 13 170 0
13 24 250 0
14 26 260 0
15 27 270 0
16 48 390 6.25
0 0 10 0
1 0 20 0
2 1 30 0
3 1 40 0
4 2 50 0
5 2 60 0
6 4 80 0
7 4 90 0
8 6 110 0
9 8 130 0
10 9 140 0
11 12 160 0
12 13 170 0
13 23 240 0
14 24 250 0
15 26 260 0
16 47 380 6.25
0 0 10 0
1 0 30 0
2 1 40 0
3 1 50 0
4 2 60 0
5 2 70 0
6 3 80 0
7 4 90 0
8 5 100 0
9 9 140 0
10 14 190 0
11 15 200 0
12 18 220 0
13 21 240 0
14 22 250 0
15 30 300 0
16 51 420 6.25
0 0 10 0
1 0 20 0
2 1 30 0
3 1 40 0
4 2 50 0
5 2 60 0
6 4 90 0
7 5 100 0
8 7 120 0
9 8 130 0
10 10 150 0
11 11 160 0
12 19 220 0
13 36 340 6.25
14 54 460 6.25
15 74 580 6.25
16 96 710 6.25
0 0 10 0
1 0 20 0
2 1 30 0
3 1 40 0
4 2 50 0
5 2 60 0
6 3 70 0
7 4 80 0
8 5 90 0
9 6 100 0
10 7 110 0
11 12 150 0
12 14 170 0
13 16 180 0
14 34 300 6.25
15 53 420 6.25
16 79 570 6.25
0 0 10 0
1 0 20 0
2 0 30 0
3 1 40 0
4 1 50 0
5 2 70 0
6 4 90 0
7 5 100 0
8 5 110 0
9 8 140 0
10 17 230 0
11 19 250 0
12 20 260 0
13 37 380 6.25
14 71 600 6.25
15 90 720 18.75
16 128 940 12.5
0 0 10 0
1 0 20 0
2 0 30 0
3 1 40 0
4 1 50 0
5 2 60 0
6 3 70 0
7 4 90 0
8 5 100 0
9 7 120 0
10 8 130 0
11 10 140 0
12 11 150 0
13 17 190 0
14 21 220 0
15 28 260 0
16 48 380 6.25
0 0 10 0
1 0 20 0
2 1 30 0
3 1 40 0
4 2 50 0
5 2 60 0
6 3 70 0
7 5 100 0
8 7 120 0
9 8 130 0
10 10 150 0
11 14 180 0
12 15 190 0
13 24 250 0
14 41 360 0
15 42 370 0
16 49 410 0
0 0 10 0
1 1 20 0
2 1 30 0
3 1 40 0
4 3 70 0
5 4 90 0
6 5 100 0
7 5 110 0
8 7 130 0
9 8 140 0
10 9 150 0
11 13 180 0
12 18 220 0
13 20 230 0
14 33 320 0
15 53 440 6.25
16 73 560 18.75
0 0 10 0
1 0 20 0
2 1 40 0
3 1 50 0
4 2 60 0
5 2 70 0
6 3 80 0
7 4 90 0
8 7 130 0
9 8 140 0
10 10 150 0
11 11 160 0
12 12 170 0
13 15 190 0
14 19 220 0
15 39 340 6.25
16 63 480 6.25
0 0 10 0
1 0 20 0
2 0 30 0
3 1 40 0
4 1 50 0
5 2 60 0
6 3 70 0
7 3 80 0
8 5 100 0
9 9 140 0
10 12 160 0
11 13 170 0
12 26 270 0
13 27 280 0
14 39 360 0
15 59 480 6.25
16 79 600 18.75
0 1 10 0
1 1 20 0
2 1 30 0
3 1 40 0
4 2 50 0
5 3 60 0
6 3 70 0
7 4 80 0
8 5 90 0
9 6 100 0
10 8 120 0
11 9 130 0
12 15 170 0
13 16 180 0
14 30 270 0
15 43 350 0
16 60 450 0
0 0 10 0
1 0 20 0
2 1 40 0
3 1 50 0
4 2 60 0
5 3 80 0
6 4 100 0
7 7 130 0
8 13 200 0
9 14 210 0
10 16 230 0
11 17 240 0
12 33 360 6.25
13 50 480 6.25
14 68 600 6.25
15 91 740 6.25
16 117 890 6.25
0 0 10 0
1 0 20 0
2 0 30 0
3 1 40 0
4 1 50 0
5 2 60 0
6 3 70 0
7 3 80 0
8 4 90 0
9 5 100 0
10 6 110 0
11 19 210 0
12 25 260 0
13 28 280 0
14 46 400 6.25
15 66 520 18.75
16 102 730 18.75
0 0 10 0
1 0 20 0
2 1 30 0
3 1 40 0
4 2 50 0
5 3 80 0
6 4 90 0
7 5 100 0
8 8 130 0
9 9 140 0
10 10 150 0
11 12 170 0
12 13 180 0
13 15 190 0
14 16 200 0
15 36 320 6.25
16 56 440 18.75
0 0 10 0
1 0 20 0
2 0 30 0
3 1 40 0
4 1 50 0
5 2 60 0
6 3 70 0
7 3 80 0
8 4 90 0
9 6 110 0
10 7 120 0
11 9 130 0
12 10 140 0
13 18 200 0
14 34 300 0
15 45 370 0
16 65 490 6.25
0 0 10 0
1 1 20 0
2 1 30 0
3 1 40 0
4 2 50 0
5 2 60 0
6 4 80 0
7 5 90 0
8 6 100 0
9 7 110 0
10 8 120 0
11 11 150 0
12 14 170 0
13 31 290 6.25
14 51 420 6.25
15 80 600 6.25
16 100 720 18.75
0 0 10 0
1 0 20 0
2 0 30 0
3 1 40 0
4 2 70 0
5 3 80 0
6 4 90 0
7 4 100 0
8 5 110 0
9 7 130 0
10 15 200 0
11 18 220 0
12 28 300 0
13 45 420 6.25
14 63 540 6.25
15 84 670 6.25
16 106 800 6.25
0 0 10 0
1 0 20 0
2 0 30 0
3 1 40 0
4 1 50 0
5 2 60 0
6 2 70 0
7 3 80 0
8 5 100 0
9 11 160 0
10 12 170 0
11 13 180 0
12 17 210 0
13 19 220 0
14 28 280 0
15 38 340 0
16 53 430 0
0 0 10 0
1 0 20 0
2 1 30 0
3 1 40 0
4 1 50 0
5 2 60 0
6 3 80 0
7 4 90 0
8 5 100 0
9 6 110 0
10 7 120 0
11 9 130 0
12 14 170 0
13 15 180 0
14 18 200 0
15 25 240 0
16 33 290 0
0 0 10 0
1 0 20 0
2 0 30 0
3 1 40 0
4 2 60 0
5 3 80 0
6 4 100 0
7 5 110 0
8 6 120 0
9 8 140 0
10 9 150 0
11 10 160 0
12 12 170 0
13 17 210 0
14 25 260 0
15 44 380 6.25
16 84 610 6.25
0 0 10 0
1 0 30 0
2 0 40 0
3 1 50 0
4 1 60 0
5 3 90 0
6 4 100 0
7 5 110 0
8 10 170 0
9 11 180 0
10 12 190 0
11 21 260 0
12 22 270 0
13 23 280 0
14 27 300 0
15 46 420 6.25
16 67 540 18.75
0 1 10 0
1 1 20 0
2 1 30 0
3 2 50 0
4 2 60 0
5 3 70 0
6 4 80 0
7 4 90 0
8 4 100 0
9 5 110 0
10 10 150 0
11 13 180 0
12 14 190 0
13 31 310 6.25
14 49 430 18.75
15 91 690 12.5
16 112 810 25
0 0 10 0
1 0 30 0
2 1 40 0
3 1 50 0
4 2 60 0
5 2 70 0
6 4 90 0
7 4 100 0
8 5 120 0
9 6 130 0
10 7 140 0
11 9 150 0
12 11 170 0
13 20 230 0
14 32 310 0
15 45 390 0
16 65 510 6.25
0 0 10 0
1 1 50 0
2 2 60 0
3 2 70 0
4 2 80 0
5 3 90 0
6 4 100 0
7 5 110 0
8 5 120 0
9 6 130 0
10 8 140 0
11 10 160 0
12 11 170 0
13 14 190 0
14 31 300 0
15 45 390 0
16 66 510 6.25
0 0 10 0
1 1 40 0
2 2 60 0
3 3 90 0
4 3 100 0
5 4 110 0
6 5 120 0
7 5 130 0
8 6 140 0
9 7 150 0
10 8 160 0
11 12 190 0
12 13 200 0
13 15 210 0
14 18 230 0
15 37 350 6.25
16 58 470 18.75
0 0 10 0
1 0 20 0
2 0 30 0
3 1 40 0
4 1 50 0
5 2 60 0
6 3 70 0
7 3 80 0
8 5 100 0
9 7 120 0
10 8 130 0
11 13 170 0
12 20 220 0
13 21 230 0
14 23 240 0
15 27 270 0
16 43 360 0
0 1 10 0
1 1 20 0
2 1 40 0
3 2 50 0
4 2 60 0
5 3 70 0
6 4 80 0
7 4 90 0
8 12 170 0
9 14 190 0
10 15 200 0
11 26 290 0
12 27 300 0
13 44 420 6.25
14 64 550 6.25
15 83 670 6.25
16 116 860 6.25
0 0 10 0
1 1 20 0
2 1 30 0
3 1 40 0
4 2 50 0
5 4 80 0
6 4 90 0
7 6 110 0
8 7 120 0
9 9 140 0
10 11 160 0
11 12 170 0
12 14 180 0
13 19 220 0
14 31 300 0
15 48 400 0
16 68 520 6.25
0 0 10 0
1 1 20 0
2 1 40 0
3 2 50 0
4 2 60 0
5 3 80 0
6 4 90 0
7 5 100 0
8 6 110 0
9 7 120 0
10 9 140 0
11 11 160 0
12 15 190 0
13 32 310 6.25
14 51 430 6.25
15 70 550 6.25
16 91 670 18.75
0 0 10 0
1 1 20 0
2 1 30 0
3 2 40 0
4 2 50 0
5 3 60 0
6 3 70 0
7 4 80 0
8 5 90 0
9 6 100 0
10 8 120 0
11 11 140 0
12 12 150 0
13 18 190 0
14 36 310 6.25
15 55 430 18.75
16 76 550 37.5
0 1 10 0
1 1 20 0
2 1 30 0
3 2 50 0
4 3 70 0
5 3 80 0
6 4 90 0
7 6 110 0
8 7 120 0
9 8 130 0
10 11 160 0
11 12 170 0
12 18 210 0
13 25 260 0
14 28 280 0
15 44 380 0
16 64 500 6.25
0 0 10 0
1 0 20 0
2 0 30 0
3 1 40 0
4 1 50 0
5 2 60 0
6 2 70 0
7 3 80 0
8 4 90 0
9 6 110 0
10 7 120 0
11 9 130 0
12 14 170 0
13 24 240 0
14 35 310 0
15 41 350 0
16 62 470 6.25
0 0 10 0
1 1 20 0
2 1 30 0
3 1 40 0
4 3 70 0
5 4 80 0
6 4 90 0
7 5 100 0
8 6 110 0
9 7 120 0
10 9 140 0
11 12 160 0
12 22 240 0
13 35 330 0
14 53 450 0
15 57 470 0
16 77 590 6.25
0 0 10 0
1 0 20 0
2 1 40 0
3 1 50 0
4 2 60 0
5 3 70 0
6 3 80 0
7 3 90 0
8 4 100 0
9 5 110 0
10 6 120 0
11 8 130 0
12 9 140 0
13 19 210 0
14 32 300 0
15 52 420 6.25
16 72 540 18.75
0 0 10 0
1 1 20 0
2 1 30 0
3 1 40 0
4 2 50 0
5 2 60 0
6 3 70 0
7 5 90 0
8 6 100 0
9 7 110 0
10 10 140 0
11 11 150 0
12 14 170 0
13 15 180 0
14 17 190 0
15 34 300 0
16 38 320 0
0 0 10 0
1 0 20 0
2 0 30 0
3 1 50 0
4 2 70 0
5 3 80 0
6 4 90 0
7 5 110 0
8 6 120 0
9 7 130 0
10 9 150 0
11 11 160 0
12 12 170 0
13 13 180 0
14 18 210 0
15 26 260 0
16 46 380 6.25
0 0 10 0
1 0 30 0
2 1 40 0
3 1 50 0
4 2 60 0
5 2 70 0
6 3 80 0
7 5 100 0
8 7 130 0
9 8 140 0
10 11 160 0
11 12 170 0
12 13 180 0
13 29 290 0
14 45 400 0
15 48 420 0
16 69 540 6.25
0 1 10 0
1 1 20 0
2 1 30 0
3 1 40 0
4 2 50 0
5 3 60 0
6 7 120 0
7 8 130 0
8 11 170 0
9 12 180 0
10 15 200 0
11 16 210 0
12 18 220 0
13 20 240 0
14 39 360 6.25
15 64 520 6.25
16 100 730 6.25
0 0 10 0
1 0 20 0
2 1 40 0
3 1 50 0
4 2 70 0
5 3 80 0
6 4 90 0
7 4 100 0
8 5 110 0
9 6 120 0
10 7 130 0
11 9 140 0
12 14 180 0
13 20 220 0
14 38 340 6.25
15 57 460 18.75
16 78 580 18.75
0 0 10 0
1 0 30 0
2 1 40 0
3 1 50 0
4 2 60 0
5 2 70 0
6 3 80 0
7 5 100 0
8 8 140 0
9 9 150 0
10 12 170 0
11 16 210 0
12 19 230 0
13 20 240 0
14 30 300 0
15 49 420 6.25
16 80 600 6.25
0 0 10 0
1 1 20 0
2 1 30 0
3 1 40 0
4 2 50 0
5 2 60 0
6 3 70 0
7 4 80 0
8 5 90 0
9 6 100 0
10 7 110 0
11 8 120 0
12 9 130 0
13 11 140 0
14 21 210 0
15 39 320 0
16 60 440 6.25
0 0 10 0
1 0 20 0
2 0 30 0
3 1 40 0
4 2 60 0
5 3 80 0
6 4 90 0
7 5 110 0
8 6 120 0
9 9 150 0
10 12 170 0
11 14 190 0
12 17 210 0
13 21 240 0
14 22 250 0
15 42 370 6.25
16 62 490 6.25
0 0 10 0
1 0 20 0
2 0 30 0
3 1 40 0
4 1 50 0
5 2 60 0
6 5 100 0
7 5 110 0
8 7 130 0
9 10 160 0
10 16 210 0
11 18 230 0
12 22 260 0
13 27 290 0
14 28 300 0
15 35 340 0
16 55 460 6.25
0 0 10 0
1 0 20 0
2 0 30 0
3 1 50 0
4 2 60 0
5 2 70 0
6 3 80 0
7 4 90 0
8 5 100 0
9 6 110 0
10 8 130 0
11 9 140 0
12 11 150 0
13 12 160 0
14 14 170 0
15 15 180 0
16 36 300 6.25
0 0 10 0
1 1 20 0
2 1 30 0
3 2 50 0
4 3 60 0
5 3 70 0
6 4 80 0
7 5 90 0
8 6 100 0
9 7 110 0
10 8 120 0
11 10 140 0
12 12 150 0
13 13 160 0
14 15 170 0
15 30 260 0
16 31 270 0
0 0 10 0
1 1 40 0
2 1 50 0
3 1 60 0
4 2 70 0
5 3 80 0
6 3 90 0
7 4 100 0
8 5 110 0
9 6 120 0
10 7 130 0
11 11 160 0
12 20 230 0
13 37 350 6.25
14 55 470 6.25
15 75 590 6.25
16 95 710 6.25
0 0 10 0
1 1 20 0
2 1 40 0
3 2 60 0
4 2 70 0
5 2 80 0
6 4 110 0
7 5 120 0
8 6 130 0
9 7 140 0
10 8 150 0
11 10 160 0
12 11 170 0
13 25 270 0
14 43 390 6.25
15 64 520 6.25
16 84 640 18.75
0 0 10 0
1 1 20 0
2 1 30 0
3 1 40 0
4 2 50 0
5 3 60 0
6 4 80 0
7 5 90 0
8 6 100 0
9 8 120 0
10 9 130 0
11 10 140 0
12 13 160 0
13 14 170 0
14 20 210 0
15 22 220 0
16 43 340 6.25
0 0 10 0
1 0 20 0
2 1 40 0
3 1 50 0
4 2 70 0
5 3 80 0
6 4 90 0
7 4 100 0
8 9 150 0
9 10 160 0
10 11 170 0
11 15 200 0
12 16 210 0
13 19 230 0
14 37 350 6.25
15 68 540 6.25
16 98 710 6.25
0 0 10 0
1 0 20 0
2 1 30 0
3 1 40 0
4 2 60 0
5 3 70 0
6 3 80 0
7 4 90 0
8 5 100 0
9 6 110 0
10 8 120 0
11 13 160 0
12 15 180 0
13 24 240 0
14 42 360 6.25
15 61 480 6.25
16 99 700 6.25
0 0 10 0
1 1 20 0
2 1 30 0
3 1 40 0
4 2 50 0
5 2 60 0
6 5 100 0
7 7 120 0
8 10 150 0
9 11 160 0
10 17 220 0
11 23 270 0
12 25 280 0
13 30 320 0
14 35 350 0
15 54 470 6.25
16 75 590 18.75
0 0 10 0
1 0 20 0
2 1 30 0
3 1 40 0
4 2 50 0
5 2 60 0
6 3 70 0
7 4 80 0
8 5 90 0
9 6 100 0
10 9 130 0
11 11 150 0
12 15 180 0
13 23 230 0
14 33 300 0
15 40 340 0
16 50 400 0
0 0 10 0
1 0 20 0
2 0 30 0
3 1 40 0
4 1 50 0
5 2 60 0
6 2 70 0
7 4 90 0
8 5 100 0
9 6 110 0
10 9 140 0
11 11 150 0
12 12 160 0
13 15 180 0
14 22 230 0
15 42 350 6.25
16 69 510 6.25
0 0 10 0
1 1 20 0
2 1 40 0
3 2 50 0
4 2 60 0
5 3 70 0
6 3 80 0
7 6 110 0
8 8 140 0
9 9 150 0
10 11 170 0
11 13 190 0
12 14 200 0
13 27 290 0
14 35 340 0
15 54 460 6.25
16 75 580 18.75
0 0 10 0
1 0 20 0
2 0 30 0
3 1 40 0
4 1 50 0
5 2 70 0
6 4 90 0
7 5 110 0
8 6 120 0
9 8 140 0
10 13 180 0
11 15 200 0
12 16 210 0
13 19 230 0
14 22 250 0
15 42 370 6.25
16 71 540 6.25
0 1 10 0
1 1 20 0
2 1 30 0
3 1 40 0
4 1 50 0
5 2 60 0
6 3 80 0
7 7 130 0
8 9 150 0
9 10 160 0
10 11 170 0
11 12 180 0
12 14 190 0
13 15 200 0
14 33 320 6.25
15 53 440 18.75
16 87 640 12.5
0 0 10 0
1 0 20 0
2 1 40 0
3 2 60 0
4 3 90 0
5 4 100 0
6 4 110 0
7 5 120 0
8 6 130 0
9 7 140 0
10 9 160 0
11 11 170 0
12 13 190 0
13 16 210 0
14 19 230 0
15 27 280 0
16 48 400 6.25
0 0 10 0
1 0 20 0
2 1 30 0
3 1 40 0
4 2 50 0
5 2 60 0
6 3 70 0
7 4 80 0
8 5 90 0
9 6 100 0
10 7 110 0
11 13 160 0
12 22 230 0
13 25 250 0
14 43 370 6.25
15 76 570 6.25
16 106 750 6.25
0 0 10 0
1 1 30 0
2 1 40 0
3 2 50 0
4 2 60 0
5 3 70 0
6 3 80 0
7 4 90 0
8 6 110 0
9 8 130 0
10 9 140 0
11 11 150 0
12 16 190 0
13 22 230 0
14 34 310 0
15 53 430 6.25
16 75 560 6.25
0 0 10 0
1 0 20 0
2 0 30 0
3 1 40 0
4 1 50 0
5 2 60 0
6 3 70 0
7 4 90 0
8 5 100 0
9 7 120 0
10 8 130 0
11 9 140 0
12 11 150 0
13 16 190 0
14 35 310 6.25
15 62 480 6.25
16 83 600 6.25
0 0 10 0
1 0 20 0
2 1 30 0
3 1 40 0
4 2 50 0
5 2 60 0
6 4 80 0
7 4 90 0
8 7 120 0
9 8 130 0
10 13 170 0
11 15 190 0
12 25 270 0
13 33 320 0
14 40 370 0
15 42 380 0
16 62 500 6.25
