0 1 10 0
1 1 20 0
2 1 30 0
3 2 40 0
4 3 68 0
5 4 78 0
6 4 88 0
7 5 98 0
8 12 165 6.25
9 26 295 6.25
10 40 415 6.25
11 54 526 6.25
12 63 593 6.25
13 77 688 6.25
14 95 801 6.25
15 109 887 6.25
16 125 977 6.25
0 0 10 0
1 0 38 0
2 1 57 0
3 1 67 0
4 2 77 0
5 2 87 0
6 3 97 0
7 4 107 0
8 5 117 0
9 7 136 0
10 8 146 0
11 11 166 0
12 12 176 0
13 15 196 0
14 25 261 0
15 39 341 6.25
16 53 411 6.25
0 0 10 0
1 0 20 0
2 0 30 0
3 1 40 0
4 1 50 0
5 2 60 0
6 3 70 0
7 6 106 0
8 7 116 0
9 8 126 0
10 14 180 0
11 18 208 0
12 19 218 0
13 31 299 6.25
14 280 359 6.25
15 290 418 6.25
16 303 491 6.25
0 0 10 0
1 1 30 0
2 1 40 0
3 2 67 0
4 3 77 0
5 3 87 0
6 4 97 0
7 5 107 0
8 7 127 0
9 8 137 0
10 9 147 0
11 10 157 0
12 12 167 0
13 19 220 0
14 28 273 0
15 42 358 6.25
16 66 493 6.25
0 0 10 0
1 0 30 0
2 1 40 0
3 1 50 0
4 2 60 0
5 3 80 0
6 4 90 0
7 5 110 0
8 6 120 0
9 7 130 0
10 8 140 0
11 14 182 0
12 18 217 0
13 20 227 0
14 30 291 6.25
15 39 344 18.75
16 49 395 18.75
0 0 10 0
1 0 20 0
2 1 30 0
3 1 50 0
4 2 70 0
5 2 80 0
6 3 90 0
7 4 100 0
8 8 147 0
9 9 157 0
10 10 167 0
11 12 177 0
12 14 197 0
13 16 207 0
14 17 217 0
15 28 278 6.25
16 39 341 18.75
0 0 10 0
1 0 30 0
2 1 40 0
3 1 50 0
4 2 60 0
5 3 79 0
6 4 89 0
7 5 109 0
8 6 119 0
9 8 139 0
10 10 159 0
11 17 208 0
12 19 228 0
13 25 266 0
14 26 276 0
15 36 335 6.25
16 50 415 18.75
0 0 10 0
1 1 20 0
2 1 30 0
3 1 40 0
4 3 70 0
5 3 80 0
6 4 90 0
7 5 100 0
8 6 110 0
9 7 120 0
10 9 140 0
11 12 160 0
12 13 170 0
13 18 204 0
14 29 276 0
15 39 338 18.75
16 55 426 18.75
0 0 10 0
1 0 20 0
2 0 30 0
3 1 50 0
4 1 60 0
5 2 70 0
6 3 80 0
7 3 90 0
8 8 142 0
9 12 180 0
10 13 190 0
11 17 218 0
12 18 228 0
13 23 261 0
14 34 332 0
15 44 387 6.25
16 54 445 6.25
0 0 10 0
1 0 20 0
2 1 30 0
3 1 40 0
4 1 50 0
5 1 60 0
6 2 70 0
7 3 80 0
8 4 90 0
9 5 100 0
10 6 110 0
11 7 120 0
12 8 130 0
13 10 140 0
14 13 160 0
15 27 246 6.25
16 58 415 6.25
0 0 10 0
1 0 20 0
2 1 40 0
3 2 60 0
4 2 70 0
5 3 80 0
6 7 135 0
7 8 145 0
8 9 155 0
9 10 165 0
10 11 175 0
11 12 185 0
12 20 243 0
13 21 253 0
14 33 327 6.25
15 45 397 18.75
16 52 430 37.5
0 0 10 0
1 1 20 0
2 1 30 0
3 1 40 0
4 2 50 0
5 2 60 0
6 3 70 0
7 4 80 0
8 5 90 0
9 6 100 0
10 9 130 0
11 12 156 0
12 14 166 0
13 15 176 0
14 19 204 0
15 26 246 0
16 28 256 0
0 0 10 0
1 0 20 0
2 0 30 0
3 1 40 0
4 1 50 0
5 2 60 0
6 2 70 0
7 3 80 0
8 4 90 0
9 5 100 0
10 6 110 0
11 8 120 0
12 11 149 0
13 13 159 0
14 14 169 0
15 29 254 6.25
16 54 394 6.25
0 0 10 0
1 1 30 0
2 1 40 0
3 2 50 0
4 2 60 0
5 3 70 0
6 3 80 0
7 4 90 0
8 5 100 0
9 8 129 0
10 9 139 0
11 14 180 0
12 17 199 0
13 18 209 0
14 21 229 0
15 27 264 0
16 38 325 6.25
0 0 10 0
1 0 20 0
2 0 30 0
3 0 40 0
4 1 50 0
5 2 60 0
6 4 93 0
7 5 103 0
8 6 113 0
9 7 123 0
10 10 151 0
11 16 200 0
12 25 265 6.25
13 41 376 6.25
14 61 505 6.25
15 71 561 18.75
16 80 607 37.5
0 0 10 0
1 0 20 0
2 0 30 0
3 1 40 0
4 1 50 0
5 2 60 0
6 3 70 0
7 4 80 0
8 4 90 0
9 5 100 0
10 7 110 0
11 10 137 0
12 13 157 0
13 16 177 0
14 27 248 6.25
15 48 377 6.25
16 59 435 6.25
0 0 10 0
1 1 39 0
2 1 49 0
3 1 59 0
4 2 69 0
5 2 79 0
6 3 89 0
7 5 109 0
8 6 119 0
9 7 129 0
10 10 158 0
11 13 178 0
12 15 197 0
13 25 264 6.25
14 38 337 6.25
15 48 395 6.25
16 58 450 18.75
0 0 10 0
1 0 20 0
2 1 39 0
3 1 49 0
4 2 59 0
5 3 79 0
6 5 98 0
7 8 141 0
8 8 151 0
9 9 161 0
10 12 181 0
11 15 207 0
12 16 217 0
13 18 227 0
14 21 246 0
15 22 256 0
16 35 323 6.25
0 0 10 0
1 0 20 0
2 1 30 0
3 1 40 0
4 2 50 0
5 2 60 0
6 3 70 0
7 6 105 0
8 7 115 0
9 13 176 0
10 16 196 0
11 17 206 0
12 24 255 6.25
13 41 368 6.25
14 51 429 6.25
15 61 484 6.25
16 76 562 6.25
0 0 10 0
1 1 20 0
2 1 30 0
3 1 40 0
4 2 50 0
5 2 60 0
6 3 70 0
7 4 80 0
8 6 100 0
9 7 110 0
10 8 120 0
11 9 130 0
12 20 205 0
13 29 269 0
14 31 279 0
15 43 347 6.25
16 55 415 18.75
0 0 10 0
1 0 20 0
2 1 30 0
3 1 40 0
4 2 50 0
5 2 60 0
6 4 80 0
7 5 90 0
8 6 100 0
9 7 110 0
10 8 120 0
11 9 130 0
12 11 149 0
13 18 196 0
14 29 263 6.25
15 39 324 6.25
16 51 391 18.75
0 0 10 0
1 0 20 0
2 2 65 0
3 2 75 0
4 2 85 0
5 2 95 0
6 5 131 0
7 5 141 0
8 6 151 0
9 7 161 0
10 12 197 0
11 13 207 0
12 14 217 0
13 21 265 6.25
14 33 338 6.25
15 49 436 6.25
16 61 500 18.75
0 0 10 0
1 0 20 0
2 1 30 0
3 2 60 0
4 2 70 0
5 3 80 0
6 4 90 0
7 5 100 0
8 5 110 0
9 7 130 0
10 13 175 0
11 20 234 0
12 28 288 6.25
13 42 382 6.25
14 55 469 6.25
15 74 583 6.25
16 84 635 18.75
0 0 10 0
1 1 20 0
2 1 30 0
3 1 40 0
4 2 50 0
5 3 60 0
6 4 86 0
7 5 96 0
8 6 106 0
9 10 145 0
10 11 155 0
11 13 165 0
12 14 175 0
13 15 185 0
14 23 234 0
15 27 254 0
16 41 331 6.25
0 0 10 0
1 0 20 0
2 1 30 0
3 1 40 0
4 2 50 0
5 2 60 0
6 3 70 0
7 4 80 0
8 6 99 0
9 9 133 0
10 12 162 0
11 14 172 0
12 15 182 0
13 22 224 0
14 29 273 0
15 39 330 0
16 50 390 6.25
0 0 10 0
1 0 20 0
2 1 30 0
3 1 40 0
4 3 70 0
5 3 80 0
6 5 106 0
7 14 204 6.25
8 25 324 6.25
9 38 444 6.25
10 51 555 6.25
11 67 685 6.25
12 84 804 6.25
13 99 909 6.25
14 122 1049 6.25
15 131 1100 18.75
16 138 1135 37.5
0 0 10 0
1 0 20 0
2 1 40 0
3 1 50 0
4 2 60 0
5 3 70 0
6 4 89 0
7 5 99 0
8 6 109 0
9 9 138 0
10 17 209 0
11 22 244 0
12 23 254 0
13 25 264 0
14 26 274 0
15 36 332 6.25
16 60 462 6.25
0 0 10 0
1 0 20 0
2 1 30 0
3 3 72 0
4 3 82 0
5 5 117 0
6 6 127 0
7 9 159 0
8 13 204 0
9 14 214 0
10 23 284 6.25
11 38 404 6.25
12 52 505 6.25
13 69 617 6.25
14 87 729 6.25
15 98 791 18.75
16 108 843 18.75
0 0 10 0
1 0 40 0
2 1 50 0
3 1 70 0
4 2 80 0
5 3 90 0
6 3 100 0
7 4 110 0
8 5 120 0
9 6 130 0
10 7 140 0
11 10 160 0
12 11 170 0
13 17 212 0
14 18 222 0
15 28 284 6.25
16 42 360 18.75
0 0 10 0
1 1 30 0
2 1 49 0
3 2 59 0
4 2 69 0
5 3 79 0
6 4 89 0
7 8 142 0
8 9 152 0
9 10 162 0
10 11 172 0
11 13 182 0
12 18 220 0
13 28 284 0
14 37 340 0
15 48 402 6.25
16 58 457 6.25
0 0 10 0
1 0 20 0
2 0 30 0
3 1 40 0
4 1 50 0
5 2 60 0
6 3 70 0
7 3 80 0
8 4 90 0
9 12 153 6.25
10 23 251 6.25
11 40 380 6.25
12 62 544 6.25
13 82 674 6.25
14 96 756 6.25
15 122 908 6.25
16 142 1022 6.25
0 0 10 0
1 1 30 0
2 1 40 0
3 2 50 0
4 2 60 0
5 3 70 0
6 3 80 0
7 4 90 0
8 5 100 0
9 2367 144 0
10 2368 154 0
11 2371 174 0
12 2376 209 0
13 2383 257 0
14 2396 339 6.25
15 2407 402 18.75
16 2417 449 18.75
0 0 10 0
1 0 20 0
2 0 30 0
3 1 40 0
4 1 50 0
5 2 60 0
6 3 70 0
7 4 80 0
8 6 107 0
9 7 117 0
10 8 127 0
11 10 137 0
12 11 147 0
13 15 176 0
14 20 211 0
15 25 244 0
16 38 315 6.25
0 1 10 0
1 1 20 0
2 1 30 0
3 2 40 0
4 2 50 0
5 3 60 0
6 5 89 0
7 6 99 0
8 7 109 0
9 8 119 0
10 9 129 0
11 11 149 0
12 19 204 6.25
13 28 262 18.75
14 38 319 12.5
15 47 375 12.5
16 59 438 25
0 0 10 0
1 0 20 0
2 1 50 0
3 2 60 0
4 2 70 0
5 4 89 0
6 4 99 0
7 5 109 0
8 6 119 0
9 8 139 0
10 9 149 0
11 10 159 0
12 12 169 0
13 16 196 0
14 28 276 0
15 38 331 18.75
16 47 383 37.5
0 0 10 0
1 1 20 0
2 1 30 0
3 1 40 0
4 2 50 0
5 3 70 0
6 4 80 0
7 5 90 0
8 6 100 0
9 7 110 0
10 8 120 0
11 9 130 0
12 12 150 0
13 16 179 0
14 30 261 6.25
15 42 331 18.75
16 49 370 37.5
0 0 10 0
1 0 20 0
2 0 30 0
3 1 40 0
4 1 50 0
5 2 60 0
6 3 70 0
7 3 80 0
8 5 100 0
9 6 110 0
10 7 120 0
11 10 139 0
12 11 149 0
13 14 169 0
14 26 242 6.25
15 46 362 6.25
16 59 433 18.75
0 0 10 0
1 1 20 0
2 1 30 0
3 1 40 0
4 3 66 0
5 3 76 0
6 7 122 0
7 8 140 0
8 9 150 0
9 16 213 6.25
10 29 328 6.25
11 49 485 6.25
12 58 549 6.25
13 69 624 6.25
14 86 730 6.25
15 97 792 6.25
16 109 860 18.75
0 1 10 0
1 1 20 0
2 1 30 0
3 2 50 0
4 2 60 0
5 4 79 0
6 5 99 0
7 7 119 0
8 9 139 0
9 10 149 0
10 11 159 0
11 12 169 0
12 15 189 0
13 17 209 0
14 19 219 0
15 21 229 0
16 33 298 6.25
0 0 10 0
1 0 20 0
2 1 30 0
3 1 40 0
4 2 50 0
5 3 69 0
6 3 79 0
7 4 89 0
8 5 99 0
9 7 117 0
10 8 127 0
11 9 137 0
12 16 184 0
13 19 208 0
14 34 302 6.25
15 54 421 6.25
16 67 487 18.75
0 0 10 0
1 0 20 0
2 0 30 0
3 1 40 0
4 1 50 0
5 2 60 0
6 3 70 0
7 4 80 0
8 4 90 0
9 5 100 0
10 14 176 6.25
11 23 247 18.75
12 30 296 18.75
13 37 341 37.5
14 47 397 37.5
15 53 430 62.5
16 59 461 93.75
0 1 10 0
1 1 20 0
2 1 30 0
3 2 40 0
4 3 59 0
5 3 69 0
6 4 79 0
7 5 98 0
8 6 108 0
9 7 118 0
10 9 128 0
11 10 138 0
12 11 148 0
13 20 209 0
14 24 228 0
15 36 301 6.25
16 46 356 18.75
0 0 10 0
1 1 20 0
2 1 30 0
3 1 40 0
4 2 50 0
5 2 60 0
6 3 70 0
7 4 80 0
8 7 108 0
9 8 118 0
10 10 136 0
11 11 146 0
12 13 166 0
13 18 202 0
14 26 256 0
15 31 285 0
16 43 354 6.25
0 0 10 0
1 1 36 0
2 1 46 0
3 1 56 0
4 2 66 0
5 3 76 0
6 3 86 0
7 4 96 0
8 6 116 0
9 9 149 0
10 10 159 0
11 12 169 0
12 13 179 0
13 14 189 0
14 22 236 0
15 32 295 6.25
16 51 401 6.25
0 0 10 0
1 0 20 0
2 1 47 0
3 3 94 0
4 4 104 0
5 4 114 0
6 5 124 0
7 6 134 0
8 7 144 0
9 9 171 0
10 10 181 0
11 13 201 0
12 16 221 0
13 25 281 6.25
14 39 373 6.25
15 49 430 18.75
16 58 477 18.75
0 0 10 0
1 0 30 0
2 1 56 0
3 2 75 0
4 2 85 0
5 3 95 0
6 5 124 0
7 6 134 0
8 7 144 0
9 8 154 0
10 9 164 0
11 10 174 0
12 14 201 0
13 20 247 0
14 31 314 6.25
15 42 377 18.75
16 49 413 37.5
0 0 10 0
1 0 20 0
2 0 30 0
3 1 40 0
4 2 60 0
5 2 70 0
6 3 80 0
7 4 90 0
8 5 100 0
9 6 110 0
10 7 120 0
11 8 130 0
12 10 140 0
13 11 150 0
14 12 160 0
15 25 233 6.25
16 34 282 18.75
0 0 10 0
1 0 20 0
2 1 30 0
3 1 40 0
4 2 50 0
5 2 60 0
6 3 70 0
7 4 80 0
8 10 146 0
9 11 156 0
10 12 166 0
11 17 208 0
12 19 218 0
13 24 252 0
14 32 304 0
15 33 314 0
16 44 373 6.25
0 0 10 0
1 0 20 0
2 0 30 0
3 1 40 0
4 1 50 0
5 2 60 0
6 2 70 0
7 3 80 0
8 4 90 0
9 5 100 0
10 6 110 0
11 8 120 0
12 15 178 0
13 22 223 0
14 23 233 0
15 31 277 0
16 44 350 6.25
0 0 10 0
1 0 20 0
2 1 30 0
3 1 40 0
4 2 50 0
5 2 60 0
6 3 70 0
7 4 80 0
8 5 90 0
9 7 110 0
10 8 120 0
11 9 130 0
12 11 140 0
13 21 205 6.25
14 33 277 18.75
15 58 426 18.75
16 68 477 37.5
0 1 10 0
1 1 20 0
2 1 30 0
3 2 40 0
4 2 50 0
5 3 60 0
6 3 70 0
7 4 80 0
8 6 100 0
9 7 110 0
10 8 120 0
11 9 130 0
12 14 162 0
13 16 182 0
14 18 192 0
15 29 256 6.25
16 41 324 18.75
0 0 10 0
1 0 20 0
2 1 30 0
3 1 40 0
4 2 50 0
5 2 60 0
6 4 80 0
7 5 90 0
8 5 100 0
9 6 110 0
10 8 136 0
11 23 256 6.25
12 34 333 6.25
13 54 468 6.25
14 72 588 6.25
15 82 645 18.75
16 89 684 37.5
0 0 10 0
1 1 20 0
2 1 30 0
3 1 40 0
4 2 50 0
5 3 70 0
6 4 80 0
7 5 90 0
8 6 100 0
9 7 110 0
10 9 130 0
11 12 150 0
12 13 160 0
13 17 190 0
14 19 200 0
15 31 271 6.25
16 60 428 6.25
0 0 10 0
1 0 20 0
2 0 30 0
3 1 40 0
4 1 50 0
5 2 60 0
6 3 70 0
7 3 80 0
8 4 90 0
9 5 100 0
10 7 110 0
11 8 120 0
12 19 196 6.25
13 42 345 6.25
14 50 395 6.25
15 59 447 18.75
16 76 541 18.75
0 0 10 0
1 0 20 0
2 1 30 0
3 1 40 0
4 2 50 0
5 2 60 0
6 3 70 0
7 4 80 0
8 5 90 0
9 7 110 0
10 10 139 0
11 11 149 0
12 16 186 0
13 18 196 0
14 25 240 0
15 39 324 6.25
16 50 384 18.75
0 0 10 0
1 1 20 0
2 1 40 0
3 2 50 0
4 2 60 0
5 3 70 0
6 4 80 0
7 4 90 0
8 5 100 0
9 6 110 0
10 8 120 0
11 12 154 0
12 17 192 0
13 19 202 0
14 31 279 0
15 42 342 6.25
16 53 400 18.75
0 0 10 0
1 0 20 0
2 1 30 0
3 1 40 0
4 2 50 0
5 2 60 0
6 3 70 0
7 4 80 0
8 6 100 0
9 8 120 0
10 9 130 0
11 10 140 0
12 11 150 0
13 14 169 0
14 21 211 0
15 31 268 6.25
16 55 408 6.25
0 0 10 0
1 0 20 0
2 1 30 0
3 1 40 0
4 1 50 0
5 2 60 0
6 4 80 0
7 4 90 0
8 5 100 0
9 6 110 0
10 9 130 0
11 17 194 6.25
12 33 309 6.25
13 47 411 6.25
14 70 559 6.25
15 93 691 6.25
16 104 751 18.75
0 0 10 0
1 0 20 0
2 0 30 0
3 1 50 0
4 4 102 0
5 9 175 6.25
6 18 305 6.25
7 28 425 6.25
8 38 524 6.25
9 49 631 6.25
10 62 745 6.25
11 78 865 6.25
12 93 977 6.25
13 106 1062 6.25
14 120 1145 6.25
15 131 1216 6.25
16 141 1271 18.75
0 0 10 0
1 1 20 0
2 1 30 0
3 1 40 0
4 2 50 0
5 3 60 0
6 3 70 0
7 4 80 0
8 5 90 0
9 6 100 0
10 7 110 0
11 8 120 0
12 16 176 0
13 25 235 6.25
14 37 304 6.25
15 47 367 6.25
16 62 454 6.25
0 0 10 0
1 0 30 0
2 1 40 0
3 1 60 0
4 2 70 0
5 3 80 0
6 3 90 0
7 6 120 0
8 7 130 0
9 8 140 0
10 10 160 0
11 16 208 0
12 25 274 6.25
13 41 380 6.25
14 60 500 6.25
15 83 642 6.25
16 103 761 18.75
0 0 10 0
1 0 20 0
2 1 30 0
3 1 40 0
4 2 50 0
5 2 60 0
6 3 70 0
7 4 80 0
8 5 90 0
9 8 118 0
10 9 128 0
11 10 138 0
12 11 148 0
13 14 167 0
14 15 177 0
15 26 238 6.25
16 40 317 6.25
0 0 10 0
1 0 20 0
2 0 30 0
3 1 40 0
4 2 60 0
5 2 70 0
6 5 100 0
7 5 110 0
8 6 120 0
9 7 130 0
10 8 140 0
11 9 150 0
12 16 202 0
13 22 247 0
14 34 321 6.25
15 45 384 6.25
16 59 461 6.25
0 0 10 0
1 0 20 0
2 0 30 0
3 1 40 0
4 1 50 0
5 2 60 0
6 2 70 0
7 3 80 0
8 6 114 0
9 9 144 0
10 11 154 0
11 19 217 6.25
12 38 361 6.25
13 64 535 6.25
14 75 610 6.25
15 104 780 6.25
16 113 832 12.5
0 0 10 0
1 0 20 0
2 1 30 0
3 1 40 0
4 2 50 0
5 2 60 0
6 3 70 0
7 5 97 0
8 6 107 0
9 9 135 0
10 18 207 6.25
11 37 360 6.25
12 46 427 6.25
13 64 547 6.25
14 77 627 18.75
15 88 691 18.75
16 97 739 37.5
0 0 10 0
1 0 29 0
2 0 39 0
3 2 68 0
4 2 78 0
5 3 88 0
6 3 98 0
7 4 108 0
8 6 128 0
9 9 157 0
10 11 177 0
11 13 187 0
12 17 220 0
13 24 270 0
14 26 280 0
15 27 290 0
16 38 354 6.25
0 0 10 0
1 1 20 0
2 1 30 0
3 1 40 0
4 2 50 0
5 3 60 0
6 4 79 0
7 14 197 6.25
8 25 317 6.25
9 32 382 6.25
10 41 460 6.25
11 51 536 6.25
12 67 653 6.25
13 88 798 6.25
14 109 935 6.25
15 120 998 6.25
16 132 1064 12.5
0 0 10 0
1 0 20 0
2 0 30 0
3 0 40 0
4 1 50 0
5 1 60 0
6 2 70 0
7 4 90 0
8 5 100 0
9 6 110 0
10 7 120 0
11 15 181 6.25
12 33 319 6.25
13 50 435 6.25
14 65 528 6.25
15 92 690 6.25
16 117 832 6.25
0 0 10 0
1 1 20 0
2 1 40 0
3 2 50 0
4 3 68 0
5 3 78 0
6 4 88 0
7 5 106 0
8 7 126 0
9 8 136 0
10 14 182 6.25
11 23 253 6.25
12 31 311 6.25
13 45 407 6.25
14 56 471 18.75
15 79 607 18.75
16 87 653 37.5
0 0 10 0
1 0 20 0
2 0 30 0
3 1 57 0
4 2 67 0
5 2 77 0
6 4 96 0
7 5 106 0
8 5 116 0
9 6 126 0
10 8 136 0
11 9 146 0
12 10 156 0
13 12 166 0
14 20 220 0
15 30 279 6.25
16 42 345 6.25
0 0 10 0
1 0 20 0
2 1 30 0
3 1 40 0
4 2 50 0
5 2 60 0
6 3 70 0
7 9 137 6.25
8 18 235 6.25
9 32 369 6.25
10 48 512 6.25
11 64 642 6.25
12 79 754 6.25
13 93 847 6.25
14 108 939 6.25
15 118 995 12.5
16 130 1059 25
0 1 10 0
1 1 20 0
2 1 30 0
3 2 50 0
4 2 60 0
5 4 80 0
6 4 90 0
7 5 100 0
8 6 110 0
9 8 129 0
10 9 139 0
11 10 149 0
12 13 168 0
13 21 220 6.25
14 39 333 6.25
15 64 483 6.25
16 90 635 6.25
0 0 10 0
1 0 20 0
2 1 30 0
3 1 40 0
4 2 50 0
5 2 60 0
6 4 79 0
7 4 89 0
8 7 118 0
9 9 138 0
10 10 148 0
11 11 158 0
12 12 168 0
13 17 201 0
14 20 221 0
15 25 255 0
16 36 316 6.25
0 0 10 0
1 0 20 0
2 0 30 0
3 1 40 0
4 1 50 0
5 2 60 0
6 3 70 0
7 3 80 0
8 5 100 0
9 8 128 0
10 13 168 0
11 14 178 0
12 17 198 0
13 24 249 6.25
14 37 325 6.25
15 48 389 6.25
16 57 439 18.75
0 0 10 0
1 1 20 0
2 1 30 0
3 2 50 0
4 3 70 0
5 3 80 0
6 4 90 0
7 7 131 0
8 9 151 0
9 10 161 0
10 13 181 0
11 14 191 0
12 19 229 0
13 22 249 0
14 32 314 6.25
15 41 367 18.75
16 49 409 37.5
0 0 10 0
1 0 30 0
2 1 40 0
3 1 50 0
4 2 60 0
5 2 70 0
6 5 107 0
7 8 140 0
8 15 210 6.25
9 22 281 6.25
10 36 401 6.25
11 48 493 6.25
12 58 561 6.25
13 74 673 6.25
14 93 793 6.25
15 109 888 6.25
16 134 1030 6.25
0 0 10 0
1 1 20 0
2 1 30 0
3 1 40 0
4 2 50 0
5 3 60 0
6 3 70 0
7 4 80 0
8 6 99 0
9 7 109 0
10 8 119 0
11 9 129 0
12 15 175 0
13 31 284 6.25
14 50 404 6.25
15 59 456 18.75
16 73 532 18.75
0 0 10 0
1 0 20 0
2 0 30 0
3 1 40 0
4 1 50 0
5 2 60 0
6 3 70 0
7 5 99 0
8 7 118 0
9 16 203 6.25
10 32 342 6.25
11 48 472 6.25
12 64 592 6.25
13 88 754 6.25
14 96 803 18.75
15 117 932 18.75
16 126 975 37.5
0 0 10 0
1 1 20 0
2 1 39 0
3 6 159 6.25
4 12 274 6.25
5 20 392 6.25
6 29 512 6.25
7 38 625 6.25
8 44 686 6.25
0 0 10 0
1 0 36 0
2 1 46 0
3 1 56 0
4 2 66 0
5 3 94 0
6 4 104 0
7 6 124 0
8 7 144 0
9 8 154 0
10 12 190 0
11 13 200 0
12 21 259 6.25
13 46 426 6.25
14 56 491 18.75
15 62 524 18.75
16 71 573 37.5
0 0 10 0
1 0 20 0
2 1 54 0
3 2 64 0
4 2 74 0
5 4 103 0
6 5 113 0
7 7 139 0
8 8 149 0
9 10 169 0
10 11 179 0
11 12 189 0
12 17 227 0
13 22 262 0
14 32 320 6.25
15 46 400 6.25
16 56 454 18.75
0 1 10 0
1 1 49 0
2 2 59 0
3 2 69 0
4 5 121 0
5 6 131 0
6 6 141 0
7 7 151 0
8 8 161 0
9 9 171 0
10 12 197 0
11 20 255 6.25
12 36 379 6.25
13 53 491 6.25
14 64 559 18.75
15 78 639 18.75
16 84 674 37.5
0 0 10 0
1 0 20 0
2 1 30 0
3 1 48 0
4 7 178 6.25
5 15 298 6.25
6 24 418 6.25
7 34 538 6.25
8 45 658 6.25
9 57 773 6.25
10 66 854 6.25
11 75 926 18.75
12 94 1064 18.75
13 101 1110 18.75
14 110 1163 18.75
15 116 1199 18.75
16 123 1237 37.5
0 0 10 0
1 0 38 0
2 1 48 0
3 1 58 0
4 2 68 0
5 2 78 0
6 3 88 0
7 4 98 0
8 6 126 0
9 7 136 0
10 13 181 0
11 19 228 0
12 24 272 0
13 25 282 0
14 26 292 0
15 36 350 6.25
16 49 418 18.75
0 0 10 0
1 0 20 0
2 1 30 0
3 2 50 0
4 2 60 0
5 3 70 0
6 7 124 6.25
7 15 212 6.25
8 26 326 6.25
9 33 394 6.25
10 41 455 6.25
11 54 559 6.25
12 70 676 6.25
13 86 788 6.25
14 99 868 18.75
15 122 1007 18.75
16 131 1057 18.75
0 0 10 0
1 0 20 0
2 0 30 0
3 1 40 0
4 1 50 0
5 2 60 0
6 5 99 0
7 5 109 0
8 6 119 0
9 7 129 0
10 9 139 0
11 10 149 0
12 18 208 0
13 29 283 6.25
14 49 415 6.25
15 63 495 6.25
16 80 588 6.25
0 0 10 0
1 0 20 0
2 0 30 0
3 1 40 0
4 3 91 0
5 4 101 0
6 5 111 0
7 5 121 0
8 6 131 0
9 7 141 0
10 10 161 0
11 11 171 0
12 13 190 0
13 15 200 0
14 18 220 0
15 27 274 0
16 38 335 6.25
0 0 10 0
1 0 20 0
2 1 30 0
3 1 40 0
4 2 50 0
5 2 60 0
6 3 70 0
7 4 80 0
8 6 100 0
9 7 110 0
10 8 120 0
11 9 130 0
12 10 140 0
13 20 210 0
14 33 288 6.25
15 47 371 6.25
16 60 440 6.25
0 1 10 0
1 1 30 0
2 1 40 0
3 4 112 0
4 5 132 0
5 6 142 0
6 7 152 0
7 7 162 0
8 9 182 0
9 10 192 0
10 11 202 0
11 13 212 0
12 22 279 0
13 23 289 0
14 34 358 6.25
15 48 438 6.25
16 59 495 18.75
0 0 10 0
1 0 20 0
2 0 30 0
3 1 40 0
4 1 50 0
5 2 60 0
6 3 70 0
7 3 80 0
8 4 90 0
9 8 126 0
10 9 136 0
11 10 146 0
12 20 216 6.25
13 32 293 6.25
14 42 359 18.75
15 56 440 18.75
16 65 486 37.5
0 0 10 0
1 1 38 0
2 1 48 0
3 2 58 0
4 2 68 0
5 3 78 0
6 4 88 0
7 4 98 0
8 5 108 0
9 7 127 0
10 8 137 0
11 10 147 0
12 11 157 0
13 22 234 6.25
14 42 360 6.25
15 53 426 18.75
16 59 457 37.5
0 0 10 0
1 0 20 0
2 1 30 0
3 1 40 0
4 2 70 0
5 3 80 0
6 5 100 0
7 5 110 0
8 6 120 0
9 7 130 0
10 10 158 0
11 13 178 0
12 14 188 0
13 23 250 0
14 41 364 6.25
15 61 483 6.25
16 73 547 6.25
0 0 10 0
1 0 20 0
2 0 30 0
3 1 40 0
4 1 50 0
5 2 60 0
6 3 70 0
7 3 80 0
8 5 100 0
9 6 110 0
10 12 160 0
11 13 170 0
12 15 180 0
13 20 215 0
14 28 271 0
15 43 357 6.25
16 53 412 18.75
0 0 10 0
1 0 20 0
2 0 30 0
3 1 40 0
4 1 50 0
5 2 60 0
6 2 70 0
7 3 80 0
8 4 90 0
9 7 120 0
10 9 140 0
11 11 150 0
12 14 179 0
13 15 189 0
14 28 272 6.25
15 38 331 18.75
16 50 393 18.75
0 0 10 0
1 1 20 0
2 1 30 0
3 1 40 0
4 3 68 0
5 3 78 0
6 4 88 0
7 6 108 0
8 7 118 0
9 8 128 0
10 11 160 0
11 13 170 0
12 14 180 0
13 19 215 0
14 28 273 0
15 41 351 6.25
16 54 420 18.75
0 0 10 0
1 1 20 0
2 1 40 0
3 2 50 0
4 2 60 0
5 3 70 0
6 4 80 0
7 4 90 0
8 5 100 0
9 6 110 0
10 7 120 0
11 9 130 0
12 10 140 0
13 13 160 0
14 16 180 0
15 27 245 6.25
16 42 331 6.25
0 0 10 0
1 0 20 0
2 0 40 0
3 1 50 0
4 1 60 0
5 2 70 0
6 2 80 0
7 3 90 0
8 4 100 0
9 5 110 0
10 6 120 0
11 8 130 0
12 9 140 0
13 16 186 0
14 25 243 6.25
15 40 331 6.25
16 50 382 18.75
0 0 10 0
1 1 30 0
2 1 40 0
3 1 50 0
4 2 60 0
5 3 80 0
6 4 90 0
7 5 100 0
8 6 110 0
9 7 120 0
10 9 139 0
11 15 186 18.75
12 41 375 12.5
13 48 424 12.5
14 57 479 25
15 73 565 25
16 82 617 43.75
0 0 10 0
1 0 20 0
2 0 30 0
3 1 40 0
4 3 82 0
5 4 102 0
6 6 130 0
7 7 140 0
8 8 150 0
9 9 160 0
10 12 190 0
11 14 200 0
12 15 210 0
13 23 261 0
14 33 328 6.25
15 45 395 6.25
16 57 461 6.25
0 1 10 0
1 1 20 0
2 1 30 0
3 1 40 0
4 1 50 0
5 2 60 0
6 2 70 0
7 3 80 0
8 4 90 0
9 5 100 0
10 8 129 0
11 10 139 0
12 12 158 0
13 23 230 6.25
14 35 304 18.75
15 52 412 18.75
16 63 468 37.5
