0 0 10 0
1 0 20 0
2 0 30 0
3 1 40 0
4 1 50 0
5 2 60 0
6 3 70 0
7 8 130 0
8 9 140 0
9 10 150 0
10 11 160 0
11 26 280 6.25
12 44 420 6.25
13 64 560 6.25
14 90 730 6.25
15 114 880 6.25
16 135 1000 6.25
0 0 10 0
1 1 20 0
2 1 30 0
3 1 40 0
4 2 50 0
5 3 70 0
6 4 80 0
7 5 90 0
8 7 120 0
9 11 150 0
10 12 160 0
11 13 170 0
12 16 190 0
13 17 200 0
14 30 280 0
15 38 330 0
16 40 340 0
0 0 10 0
1 0 20 0
2 0 30 0
3 1 40 0
4 1 50 0
5 2 60 0
6 2 70 0
7 2 80 0
8 3 90 0
9 4 100 0
10 8 130 0
11 9 140 0
12 20 220 0
13 37 340 6.25
14 70 560 6.25
15 90 680 6.25
16 110 800 18.75
0 1 10 0
1 1 20 0
2 1 30 0
3 2 40 0
4 2 50 0
5 4 80 0
6 5 90 0
7 6 100 0
8 7 110 0
9 8 120 0
10 10 140 0
11 18 210 0
12 22 240 0
13 39 360 6.25
14 61 510 6.25
15 81 630 18.75
16 102 750 37.5
0 0 10 0
1 0 20 0
2 0 30 0
3 1 50 0
4 3 80 0
5 3 90 0
6 6 120 0
7 6 130 0
8 7 140 0
9 9 160 0
10 17 230 0
11 18 240 0
12 30 330 0
13 38 380 0
14 44 420 0
15 63 540 6.25
16 84 660 18.75
0 0 10 0
1 0 20 0
2 1 40 0
3 1 50 0
4 3 70 0
5 3 80 0
6 4 90 0
7 6 120 0
8 7 130 0
9 8 140 0
10 11 160 0
11 13 180 0
12 22 250 0
13 39 370 6.25
14 70 570 6.25
15 89 690 18.75
16 110 810 18.75
0 0 10 0
1 0 20 0
2 1 30 0
3 1 40 0
4 3 70 0
5 3 80 0
6 6 110 0
7 6 120 0
8 7 130 0
9 8 140 0
10 10 150 0
11 12 170 0
12 16 200 0
13 30 300 0
14 32 310 0
15 50 420 0
16 70 540 6.25
0 0 10 0
1 1 20 0
2 1 30 0
3 2 50 0
4 2 60 0
5 4 80 0
6 5 100 0
7 6 110 0
8 11 170 0
9 18 230 0
10 20 250 0
11 22 270 0
12 24 280 0
13 25 290 0
14 31 330 0
15 51 450 6.25
16 77 600 6.25
0 0 10 0
1 0 20 0
2 0 30 0
3 1 40 0
4 1 50 0
5 2 60 0
6 3 80 0
7 3 90 0
8 4 100 0
9 5 110 0
10 6 120 0
11 8 130 0
12 14 180 0
13 19 210 0
14 20 220 0
15 40 340 6.25
16 60 460 18.75
0 1 10 0
1 1 20 0
2 1 30 0
3 2 40 0
4 2 50 0
5 3 70 0
6 4 80 0
7 5 90 0
8 7 110 0
9 8 120 0
10 12 160 0
11 15 180 0
12 24 250 0
13 25 260 0
14 44 380 6.25
15 73 560 6.25
16 94 680 18.75
0 0 10 0
1 0 20 0
2 0 30 0
3 1 40 0
4 3 70 0
5 3 80 0
6 4 90 0
7 10 160 0
8 13 200 0
9 19 260 0
10 21 270 0
11 22 280 0
12 27 320 0
13 41 420 0
14 43 430 0
15 62 550 6.25
16 83 670 18.75
0 0 10 0
1 0 20 0
2 1 30 0
3 1 40 0
4 2 50 0
5 2 60 0
6 3 70 0
7 4 80 0
8 5 90 0
9 6 100 0
10 8 120 0
11 11 140 0
12 26 260 6.25
13 45 400 6.25
14 73 580 6.25
15 102 760 6.25
16 128 910 6.25
0 0 10 0
1 0 20 0
2 1 30 0
3 1 40 0
4 2 50 0
5 2 60 0
6 5 90 0
7 5 100 0
8 9 140 0
9 10 150 0
10 11 160 0
11 17 210 0
12 20 230 0
13 26 270 0
14 27 280 0
15 42 370 0
16 51 420 0
0 0 10 0
1 0 20 0
2 0 30 0
3 1 40 0
4 1 50 0
5 6 120 0
6 7 130 0
7 7 140 0
8 8 150 0
9 9 160 0
10 13 190 0
11 19 240 0
12 35 360 6.25
13 58 520 6.25
14 76 640 6.25
15 97 770 6.25
16 118 890 18.75
0 0 10 0
1 0 20 0
2 1 30 0
3 1 40 0
4 1 50 0
5 2 60 0
6 4 80 0
7 6 110 0
8 7 120 0
9 9 140 0
10 12 170 0
11 14 180 0
12 22 240 0
13 23 250 0
14 31 300 0
15 50 420 6.25
16 83 610 6.25
0 0 10 0
1 0 20 0
2 1 30 0
3 1 40 0
4 2 50 0
5 2 60 0
6 4 80 0
7 4 90 0
8 4 100 0
9 6 120 0
10 8 130 0
11 9 140 0
12 10 150 0
13 13 170 0
14 22 230 0
15 29 270 0
16 49 390 6.25
0 1 10 0
1 1 20 0
2 1 40 0
3 3 80 0
4 4 90 0
5 6 120 0
6 6 130 0
7 7 140 0
8 8 150 0
9 9 160 0
10 10 170 0
11 11 180 0
12 13 190 0
13 16 210 0
14 34 330 6.25
15 54 450 18.75
16 74 570 37.5
0 0 10 0
1 1 20 0
2 1 30 0
3 1 40 0
4 2 50 0
5 3 60 0
6 3 70 0
7 5 90 0
8 10 150 0
9 11 160 0
10 14 180 0
11 15 190 0
12 16 200 0
13 28 280 0
14 29 290 0
15 49 410 6.25
16 69 530 18.75
0 0 10 0
1 0 30 0
2 0 40 0
3 1 50 0
4 1 60 0
5 2 70 0
6 3 80 0
7 12 200 6.25
8 24 320 6.25
9 36 440 6.25
10 55 610 6.25
11 70 730 6.25
12 89 880 6.25
13 106 1000 18.75
14 125 1120 18.75
15 144 1240 37.5
16 179 1440 37.5
0 0 10 0
1 0 20 0
2 0 30 0
3 1 40 0
4 1 50 0
5 6 120 0
6 6 130 0
7 7 140 0
8 8 150 0
9 9 160 0
10 10 170 0
11 18 230 0
12 30 320 0
13 35 360 0
14 54 480 6.25
15 76 620 6.25
16 97 740 18.75
0 0 10 0
1 0 20 0
2 1 30 0
3 1 40 0
4 2 50 0
5 2 60 0
6 3 70 0
7 4 80 0
8 5 90 0
9 6 100 0
10 19 220 6.25
11 33 340 18.75
12 49 460 18.75
13 67 590 18.75
14 86 710 18.75
15 105 830 37.5
16 126 950 62.5
0 0 10 0
1 0 20 0
2 1 30 0
3 2 50 0
4 2 60 0
5 3 70 0
6 6 110 0
7 6 120 0
8 7 130 0
9 9 150 0
10 10 160 0
11 11 170 0
12 12 180 0
13 15 200 0
14 16 210 0
15 27 280 0
16 39 350 0
0 0 10 0
1 1 20 0
2 1 30 0
3 2 50 0
4 2 60 0
5 3 70 0
6 4 80 0
7 4 90 0
8 5 100 0
9 11 150 0
10 12 160 0
11 15 190 0
12 18 210 0
13 19 220 0
14 24 250 0
15 39 340 0
16 40 350 0
0 0 10 0
1 0 20 0
2 0 30 0
3 1 40 0
4 2 60 0
5 2 70 0
6 3 80 0
7 4 90 0
8 5 100 0
9 7 120 0
10 8 130 0
11 9 140 0
12 12 160 0
13 13 170 0
14 18 200 0
15 37 320 6.25
16 58 440 18.75
0 0 10 0
1 1 20 0
2 1 30 0
3 2 50 0
4 2 60 0
5 3 70 0
6 7 130 0
7 9 150 0
8 10 160 0
9 15 210 0
10 16 220 0
11 28 320 0
12 30 330 0
13 47 450 6.25
14 65 570 6.25
15 96 760 6.25
16 117 880 18.75
0 0 10 0
1 0 20 0
2 0 30 0
3 1 50 0
4 2 60 0
5 4 90 0
6 7 140 0
7 10 170 0
8 11 180 0
9 15 220 0
10 16 230 0
11 23 290 0
12 39 410 6.25
13 56 530 6.25
14 74 650 18.75
15 94 770 37.5
16 115 890 37.5
0 0 10 0
1 0 20 0
2 0 30 0
3 2 80 0
4 3 90 0
5 3 100 0
6 4 110 0
7 5 120 0
8 9 160 0
9 10 170 0
10 21 270 0
11 22 280 0
12 30 340 0
13 35 370 0
14 53 490 6.25
15 72 610 6.25
16 103 790 6.25
0 1 10 0
1 1 20 0
2 1 40 0
3 1 50 0
4 1 60 0
5 2 70 0
6 3 80 0
7 4 90 0
8 6 110 0
9 8 130 0
10 9 140 0
11 10 150 0
12 11 160 0
13 13 170 0
14 14 180 0
15 34 300 6.25
16 54 420 6.25
0 0 10 0
1 0 30 0
2 0 40 0
3 1 50 0
4 1 60 0
5 2 70 0
6 6 130 0
7 7 140 0
8 12 190 0
9 18 250 0
10 23 300 0
11 25 310 0
12 38 410 0
13 55 530 6.25
14 81 700 6.25
15 107 860 6.25
16 135 1020 6.25
0 0 10 0
1 0 30 0
2 0 40 0
3 1 50 0
4 1 60 0
5 2 70 0
6 3 80 0
7 4 100 0
8 5 110 0
9 6 120 0
10 20 240 6.25
11 36 370 6.25
12 52 490 6.25
13 82 700 6.25
14 100 820 6.25
15 127 990 6.25
16 148 1110 6.25
0 0 10 0
1 1 20 0
2 1 40 0
3 3 70 0
4 3 80 0
5 5 110 0
6 6 120 0
7 15 240 6.25
8 26 370 6.25
9 39 490 18.75
10 60 680 12.5
11 82 860 12.5
12 98 980 12.5
13 124 1160 12.5
14 142 1280 25
15 161 1400 43.75
16 182 1520 68.75
0 0 10 0
1 1 20 0
2 1 30 0
3 1 40 0
4 2 50 0
5 2 60 0
6 5 90 0
7 5 100 0
8 6 110 0
9 10 150 0
10 12 160 0
11 13 170 0
12 17 200 0
13 20 220 0
14 38 340 6.25
15 57 460 18.75
16 78 580 37.5
0 0 10 0
1 1 20 0
2 1 30 0
3 2 50 0
4 2 60 0
5 4 80 0
6 4 90 0
7 5 100 0
8 6 110 0
9 8 130 0
10 9 140 0
11 13 170 0
12 17 200 0
13 25 260 0
14 31 300 0
15 51 420 0
16 72 540 6.25
0 0 10 0
1 0 20 0
2 0 30 0
3 0 40 0
4 1 60 0
5 2 80 0
6 4 100 0
7 5 120 0
8 6 130 0
9 7 140 0
10 8 150 0
11 15 200 0
12 17 220 0
13 22 250 0
14 29 300 0
15 49 420 6.25
16 69 540 18.75
0 0 10 0
1 0 20 0
2 0 30 0
3 1 40 0
4 2 60 0
5 2 70 0
6 3 80 0
7 5 100 0
8 6 110 0
9 17 220 0
10 18 230 0
11 25 290 0
12 28 310 0
13 32 340 0
14 44 420 0
15 63 540 6.25
16 87 680 6.25
0 0 10 0
1 1 30 0
2 1 40 0
3 2 50 0
4 2 60 0
5 3 70 0
6 3 80 0
7 5 100 0
8 7 120 0
9 8 130 0
10 12 170 0
11 13 180 0
12 14 190 0
13 16 200 0
14 19 220 0
15 38 340 6.25
16 59 460 6.25
0 0 10 0
1 0 20 0
2 1 30 0
3 1 40 0
4 3 70 0
5 4 90 0
6 5 100 0
7 5 110 0
8 7 130 0
9 8 140 0
10 9 150 0
11 13 180 0
12 17 210 0
13 21 240 0
14 35 330 0
15 55 450 6.25
16 75 570 18.75
0 0 10 0
1 1 20 0
2 1 30 0
3 1 40 0
4 2 50 0
5 3 70 0
6 5 90 0
7 6 100 0
8 6 110 0
9 11 150 0
10 12 160 0
11 14 180 0
12 15 190 0
13 25 260 0
14 30 290 0
15 50 410 6.25
16 87 630 6.25
0 0 10 0
1 0 20 0
2 0 30 0
3 1 40 0
4 1 50 0
5 2 60 0
6 3 70 0
7 3 80 0
8 4 90 0
9 6 110 0
10 8 120 0
11 9 130 0
12 10 140 0
13 19 200 0
14 22 220 0
15 41 340 6.25
16 62 460 18.75
0 0 10 0
1 1 20 0
2 3 80 0
3 3 90 0
4 3 100 0
5 4 110 0
6 5 120 0
7 6 130 0
8 7 140 0
9 12 190 0
10 13 200 0
11 14 210 0
12 19 250 0
13 28 310 0
14 45 420 0
15 61 520 0
16 82 640 6.25
0 0 10 0
1 0 20 0
2 0 30 0
3 1 50 0
4 2 70 0
5 3 80 0
6 4 90 0
7 4 100 0
8 5 110 0
9 8 140 0
10 10 150 0
11 12 170 0
12 13 180 0
13 16 200 0
14 34 320 0
15 54 440 6.25
16 75 560 18.75
0 0 10 0
1 0 20 0
2 0 30 0
3 1 40 0
4 1 50 0
5 2 60 0
6 4 90 0
7 7 120 0
8 9 140 0
9 11 160 0
10 13 180 0
11 17 210 0
12 19 230 0
13 21 240 0
14 22 250 0
15 24 260 0
16 45 380 6.25
0 0 10 0
1 0 20 0
2 0 30 0
3 1 40 0
4 1 50 0
5 2 60 0
6 3 70 0
7 4 80 0
8 5 90 0
9 8 120 0
10 12 160 0
11 15 180 0
12 16 190 0
13 17 200 0
14 31 290 0
15 42 360 0
16 63 480 6.25
0 0 10 0
1 1 20 0
2 1 30 0
3 1 40 0
4 2 50 0
5 2 60 0
6 3 70 0
7 4 80 0
8 5 90 0
9 6 100 0
10 7 110 0
11 11 140 0
12 23 230 0
13 24 240 0
14 33 300 0
15 53 420 6.25
16 73 540 18.75
0 0 10 0
1 0 20 0
2 0 30 0
3 1 40 0
4 1 50 0
5 2 60 0
6 3 70 0
7 3 80 0
8 6 110 0
9 7 120 0
10 8 130 0
11 12 160 0
12 13 170 0
13 16 190 0
14 18 200 0
15 37 320 6.25
16 60 450 6.25
0 0 10 0
1 0 20 0
2 0 30 0
3 1 40 0
4 1 50 0
5 2 60 0
6 3 70 0
7 4 80 0
8 5 90 0
9 6 100 0
10 9 130 0
11 11 150 0
12 17 190 0
13 18 200 0
14 36 320 6.25
15 61 470 6.25
16 92 650 6.25
0 0 10 0
1 0 20 0
2 1 40 0
3 1 50 0
4 1 60 0
5 2 70 0
6 2 80 0
7 3 90 0
8 4 100 0
9 6 120 0
10 8 140 0
11 10 150 0
12 19 220 0
13 23 250 0
14 25 260 0
15 44 380 6.25
16 65 500 6.25
0 0 10 0
1 1 20 0
2 1 30 0
3 1 40 0
4 2 50 0
5 2 60 0
6 3 70 0
7 4 80 0
8 5 90 0
9 9 130 0
10 12 160 0
11 18 210 0
12 19 220 0
13 20 230 0
14 23 250 0
15 25 260 0
16 41 350 0
0 0 10 0
1 0 20 0
2 0 30 0
3 1 40 0
4 2 60 0
5 3 70 0
6 4 90 0
7 5 100 0
8 6 110 0
9 7 120 0
10 8 130 0
11 12 160 0
12 13 170 0
13 30 290 6.25
14 48 410 6.25
15 69 540 6.25
16 90 660 18.75
0 0 10 0
1 1 20 0
2 1 30 0
3 1 40 0
4 2 50 0
5 2 60 0
6 3 70 0
7 4 80 0
8 5 90 0
9 6 100 0
10 8 120 0
11 9 130 0
12 12 150 0
13 18 190 0
14 27 250 0
15 32 280 0
16 44 350 0
0 0 10 0
1 0 20 0
2 1 30 0
3 2 70 0
4 4 100 0
5 5 110 0
6 5 120 0
7 6 130 0
8 8 150 0
9 9 160 0
10 11 180 0
11 26 300 6.25
12 42 420 6.25
13 59 540 6.25
14 77 660 18.75
15 106 840 18.75
16 136 1010 18.75
0 0 10 0
1 0 20 0
2 1 30 0
3 1 40 0
4 2 50 0
5 2 60 0
6 4 80 0
7 4 90 0
8 5 100 0
9 6 110 0
10 10 140 0
11 12 160 0
12 16 190 0
13 19 210 0
14 24 240 0
15 43 360 6.25
16 71 520 6.25
0 0 10 0
1 1 20 0
2 1 30 0
3 1 40 0
4 3 70 0
5 4 80 0
6 4 90 0
7 5 100 0
8 7 120 0
9 8 130 0
10 9 140 0
11 12 160 0
12 13 170 0
13 14 180 0
14 33 300 6.25
15 64 490 6.25
16 102 710 6.25
0 0 10 0
1 0 20 0
2 0 30 0
3 1 40 0
4 2 70 0
5 3 80 0
6 4 90 0
7 5 100 0
8 6 110 0
9 7 120 0
10 8 130 0
11 9 140 0
12 12 160 0
13 13 170 0
14 18 200 0
15 19 210 0
16 40 330 6.25
0 0 10 0
1 0 20 0
2 1 30 0
3 1 40 0
4 2 50 0
5 2 60 0
6 5 100 0
7 7 120 0
8 8 130 0
9 14 190 0
10 15 200 0
11 19 230 0
12 27 290 0
13 44 410 6.25
14 64 540 6.25
15 90 700 6.25
16 121 880 6.25
0 0 10 0
1 0 20 0
2 1 50 0
3 2 60 0
4 2 70 0
5 3 80 0
6 3 90 0
7 4 100 0
8 5 110 0
9 7 130 0
10 8 140 0
11 10 150 0
12 11 160 0
13 12 170 0
14 14 180 0
15 33 300 6.25
16 54 420 6.25
0 0 10 0
1 1 20 0
2 1 30 0
3 1 40 0
4 2 50 0
5 3 60 0
6 3 70 0
7 4 80 0
8 5 90 0
9 6 100 0
10 7 110 0
11 12 150 0
12 14 160 0
13 31 280 6.25
14 52 420 6.25
15 73 550 6.25
16 94 670 6.25
0 0 10 0
1 0 20 0
2 1 30 0
3 1 40 0
4 2 50 0
5 2 60 0
6 3 70 0
7 4 80 0
8 5 90 0
9 6 100 0
10 17 200 0
11 19 220 0
12 21 230 0
13 29 290 0
14 31 300 0
15 50 420 6.25
16 71 540 18.75
0 0 10 0
1 0 20 0
2 1 30 0
3 1 40 0
4 2 50 0
5 3 70 0
6 4 80 0
7 5 90 0
8 6 100 0
9 9 130 0
10 18 210 0
11 21 240 0
12 37 360 6.25
13 54 480 6.25
14 73 600 18.75
15 110 830 18.75
16 131 950 37.5
0 0 10 0
1 0 20 0
2 1 30 0
3 1 40 0
4 2 50 0
5 2 60 0
6 4 80 0
7 4 90 0
8 8 130 0
9 10 150 0
10 12 170 0
11 14 180 0
12 15 190 0
13 16 200 0
14 18 210 0
15 20 220 0
16 23 240 0
0 0 10 0
1 1 20 0
2 1 30 0
3 1 40 0
4 2 60 0
5 3 70 0
6 4 80 0
7 5 90 0
8 6 100 0
9 8 120 0
10 10 140 0
11 11 150 0
12 15 180 0
13 24 240 0
14 25 250 0
15 27 260 0
16 48 380 6.25
0 0 10 0
1 1 50 0
2 1 60 0
3 1 70 0
4 2 90 0
5 3 100 0
6 4 110 0
7 5 130 0
8 6 140 0
9 8 160 0
10 9 170 0
11 11 180 0
12 19 240 0
13 36 360 6.25
14 54 480 6.25
15 88 690 6.25
16 109 810 18.75
0 0 10 0
1 0 20 0
2 1 30 0
3 1 40 0
4 4 90 0
5 4 100 0
6 5 110 0
7 6 120 0
8 9 150 0
9 10 160 0
10 11 170 0
11 13 190 0
12 15 200 0
13 16 210 0
14 25 270 0
15 27 280 0
16 37 340 0
0 0 10 0
1 1 30 0
2 1 40 0
3 2 60 0
4 4 100 0
5 5 110 0
6 5 120 0
7 6 130 0
8 7 140 0
9 13 200 0
10 19 250 0
11 20 260 0
12 23 280 0
13 40 400 6.25
14 58 520 6.25
15 91 720 6.25
16 111 840 18.75
0 0 10 0
1 0 20 0
2 0 30 0
3 1 40 0
4 2 60 0
5 2 70 0
6 4 90 0
7 5 110 0
8 6 120 0
9 10 160 0
10 12 170 0
11 13 180 0
12 14 190 0
13 24 260 0
14 26 270 0
15 45 390 6.25
16 66 510 18.75
0 0 10 0
1 0 20 0
2 1 30 0
3 1 40 0
4 2 50 0
5 3 70 0
6 6 110 0
7 12 190 0
8 13 200 0
9 14 210 0
10 15 220 0
11 17 230 0
12 19 250 0
13 36 370 6.25
14 64 550 6.25
15 83 670 18.75
16 104 790 37.5
0 0 10 0
1 0 20 0
2 0 30 0
3 0 40 0
4 1 50 0
5 1 60 0
6 2 70 0
7 4 90 0
8 5 100 0
9 6 110 0
10 8 130 0
11 10 150 0
12 12 160 0
13 13 170 0
14 19 210 0
15 24 240 0
16 45 360 6.25
0 0 10 0
1 1 20 0
2 1 30 0
3 1 40 0
4 2 50 0
5 2 60 0
6 4 80 0
7 6 110 0
8 7 120 0
9 14 190 0
10 17 210 0
11 18 220 0
12 19 230 0
13 29 300 0
14 40 370 0
15 60 490 6.25
16 80 610 18.75
0 1 10 0
1 1 30 0
2 1 40 0
3 2 60 0
4 3 70 0
5 3 80 0
6 4 90 0
7 7 130 0
8 8 140 0
9 11 170 0
10 14 190 0
11 19 230 0
12 25 280 0
13 27 290 0
14 28 300 0
15 31 320 0
16 52 440 6.25
0 0 10 0
1 1 30 0
2 1 40 0
3 1 50 0
4 2 60 0
5 3 70 0
6 3 80 0
7 4 90 0
8 5 100 0
9 6 110 0
10 7 120 0
11 9 130 0
12 24 250 6.25
13 42 370 6.25
14 60 490 6.25
15 79 610 18.75
16 100 730 37.5
0 0 10 0
1 1 20 0
2 1 30 0
3 1 40 0
4 2 50 0
5 2 60 0
6 4 80 0
7 5 90 0
8 6 100 0
9 9 130 0
10 10 140 0
11 21 230 0
12 26 270 0
13 32 310 0
14 50 430 6.25
15 70 550 6.25
16 90 670 18.75
0 0 10 0
1 0 20 0
2 0 30 0
3 0 40 0
4 2 70 0
5 3 80 0
6 3 90 0
7 4 100 0
8 5 110 0
9 6 120 0
10 7 130 0
11 9 140 0
12 10 150 0
13 11 160 0
14 16 190 0
15 18 200 0
16 19 210 0
0 0 10 0
1 0 20 0
2 0 30 0
3 0 40 0
4 0 50 0
5 1 70 0
6 2 80 0
7 7 140 0
8 10 170 0
9 11 180 0
10 15 220 0
11 30 340 6.25
12 50 490 6.25
13 77 680 6.25
14 95 800 6.25
15 115 920 18.75
16 135 1040 37.5
0 0 10 0
1 0 30 0
2 0 40 0
3 1 50 0
4 1 60 0
5 2 70 0
6 8 160 0
7 9 170 0
8 10 180 0
9 11 190 0
10 12 200 0
11 14 210 0
12 16 230 0
13 19 250 0
14 37 370 6.25
15 57 490 18.75
16 78 610 37.5
0 0 10 0
1 0 20 0
2 1 30 0
3 1 40 0
4 3 80 0
5 4 100 0
6 5 110 0
7 6 120 0
8 7 130 0
9 8 140 0
10 17 220 0
11 18 230 0
12 26 290 0
13 37 370 0
14 56 490 0
15 64 540 0
16 85 660 6.25
0 0 10 0
1 0 20 0
2 0 30 0
3 1 40 0
4 1 50 0
5 2 60 0
6 3 80 0
7 4 90 0
8 5 100 0
9 7 120 0
10 10 140 0
11 16 190 0
12 21 230 0
13 29 290 0
14 48 410 6.25
15 67 530 6.25
16 100 720 6.25
0 0 10 0
1 1 20 0
2 1 30 0
3 1 40 0
4 2 50 0
5 3 60 0
6 3 70 0
7 4 80 0
8 5 90 0
9 6 100 0
10 9 130 0
11 10 140 0
12 15 180 0
13 21 220 0
14 39 340 6.25
15 58 460 18.75
16 79 580 37.5
0 0 10 0
1 1 30 0
2 1 40 0
3 2 60 0
4 3 70 0
5 3 80 0
6 4 90 0
7 5 100 0
8 6 110 0
9 7 120 0
10 8 130 0
11 9 140 0
12 16 190 0
13 17 200 0
14 35 320 6.25
15 60 470 6.25
16 80 590 18.75
0 0 10 0
1 0 20 0
2 0 30 0
3 1 40 0
4 1 50 0
5 2 60 0
6 3 70 0
7 4 90 0
8 5 100 0
9 6 110 0
10 7 120 0
11 9 130 0
12 10 140 0
13 11 150 0
14 25 240 0
15 27 250 0
16 47 370 6.25
0 0 10 0
1 0 20 0
2 0 30 0
3 1 40 0
4 1 50 0
5 2 60 0
6 3 70 0
7 5 100 0
8 6 110 0
9 14 190 0
10 15 200 0
11 16 210 0
12 18 220 0
13 25 270 0
14 43 390 6.25
15 69 550 6.25
16 90 670 18.75
0 0 10 0
1 1 40 0
2 1 50 0
3 2 60 0
4 2 70 0
5 3 80 0
6 3 90 0
7 5 110 0
8 6 120 0
9 7 130 0
10 11 160 0
11 12 170 0
12 21 240 0
13 22 250 0
14 24 260 0
15 31 300 0
16 51 420 6.25
0 1 10 0
1 1 20 0
2 1 30 0
3 2 40 0
4 3 60 0
5 3 70 0
6 4 80 0
7 5 90 0
8 7 110 0
9 10 140 0
10 11 150 0
11 13 170 0
12 16 190 0
13 17 200 0
14 20 220 0
15 29 270 0
16 49 390 6.25
0 0 10 0
1 1 20 0
2 1 30 0
3 1 40 0
4 2 50 0
5 3 60 0
6 5 90 0
7 6 100 0
8 9 140 0
9 10 150 0
10 11 160 0
11 16 200 0
12 19 220 0
13 26 270 0
14 28 280 0
15 47 400 6.25
16 80 590 6.25
0 0 10 0
1 1 20 0
2 1 40 0
3 2 50 0
4 2 60 0
5 3 70 0
6 4 90 0
7 5 100 0
8 8 130 0
9 9 140 0
10 10 150 0
11 15 190 0
12 16 200 0
13 25 260 0
14 43 380 6.25
15 69 540 6.25
16 90 660 18.75
0 0 10 0
1 0 30 0
2 1 40 0
3 1 50 0
4 2 60 0
5 2 70 0
6 3 80 0
7 4 90 0
8 5 100 0
9 7 120 0
10 8 130 0
11 9 140 0
12 10 150 0
13 22 230 0
14 23 240 0
15 43 360 6.25
16 74 540 6.25
0 0 10 0
1 0 20 0
2 1 30 0
3 1 40 0
4 2 50 0
5 4 80 0
6 4 90 0
7 5 100 0
8 6 110 0
9 7 120 0
10 8 130 0
11 9 140 0
12 24 250 0
13 25 260 0
14 27 270 0
15 42 360 0
16 50 410 0
0 0 10 0
1 1 20 0
2 1 30 0
3 1 40 0
4 2 50 0
5 3 60 0
6 6 100 0
7 6 110 0
8 7 120 0
9 9 140 0
10 10 150 0
11 13 170 0
12 25 260 0
13 33 320 0
14 38 350 0
15 57 470 6.25
16 78 590 6.25
0 0 10 0
1 1 20 0
2 1 30 0
3 1 40 0
4 2 50 0
5 2 60 0
6 3 70 0
7 4 80 0
8 5 90 0
9 14 180 0
10 15 190 0
11 23 250 0
12 24 260 0
13 41 380 6.25
14 70 570 6.25
15 90 690 6.25
16 110 810 6.25
0 0 10 0
1 1 20 0
2 1 30 0
3 1 40 0
4 2 50 0
5 3 60 0
6 3 70 0
7 4 80 0
8 5 90 0
9 6 100 0
10 7 110 0
11 9 120 0
12 12 150 0
13 21 210 0
14 39 330 6.25
15 59 450 18.75
16 80 570 18.75
0 0 10 0
1 0 20 0
2 2 80 0
3 3 100 0
4 4 120 0
5 4 130 0
6 5 140 0
7 6 150 0
8 8 170 0
9 9 180 0
10 22 300 6.25
11 37 420 6.25
12 54 550 6.25
13 71 670 6.25
14 103 880 6.25
15 136 1080 6.25
16 157 1200 18.75
0 0 10 0
1 0 20 0
2 0 30 0
3 1 40 0
4 1 50 0
5 2 70 0
6 3 80 0
7 4 90 0
8 12 180 0
9 13 190 0
10 14 200 0
11 16 210 0
12 17 220 0
13 18 230 0
14 26 280 0
15 46 400 6.25
16 66 520 18.75
0 1 10 0
1 1 20 0
2 1 30 0
3 1 40 0
4 2 50 0
5 3 60 0
6 3 70 0
7 5 90 0
8 6 100 0
9 9 130 0
10 10 140 0
11 11 150 0
12 14 170 0
13 15 180 0
14 26 250 0
15 46 370 6.25
16 66 490 18.75
0 0 10 0
1 0 30 0
2 1 50 0
3 1 60 0
4 2 70 0
5 3 90 0
6 4 100 0
7 5 110 0
8 6 120 0
9 7 130 0
10 13 190 0
11 15 200 0
12 16 210 0
13 22 250 0
14 26 280 0
15 46 400 6.25
16 66 520 18.75
0 0 10 0
1 0 20 0
2 0 30 0
3 1 40 0
4 1 50 0
5 2 60 0
6 3 70 0
7 3 80 0
8 5 100 0
9 6 110 0
10 7 120 0
11 9 130 0
12 11 150 0
13 16 180 0
14 17 190 0
15 37 310 6.25
16 57 430 18.75
0 0 10 0
1 0 20 0
2 0 30 0
3 1 40 0
4 1 50 0
5 2 70 0
6 3 80 0
7 5 100 0
8 6 110 0
9 8 130 0
10 17 210 0
11 25 280 0
12 27 290 0
13 40 380 0
14 58 500 6.25
15 77 620 18.75
16 98 740 18.75
0 0 10 0
1 0 20 0
2 1 30 0
3 1 40 0
4 2 50 0
5 4 80 0
6 8 140 0
7 15 230 0
8 17 250 0
9 21 290 0
10 30 370 0
11 32 380 0
12 43 470 0
13 56 560 0
14 74 680 6.25
15 94 800 18.75
16 129 1000 18.75
0 0 10 0
1 0 20 0
2 0 30 0
3 1 40 0
4 1 50 0
5 2 60 0
6 4 90 0
7 5 100 0
8 6 110 0
9 9 140 0
10 10 150 0
11 11 160 0
12 14 180 0
13 17 200 0
14 35 320 6.25
15 55 440 6.25
16 79 580 6.25
0 0 10 0
1 0 20 0
2 0 30 0
3 1 40 0
4 1 50 0
5 2 60 0
6 4 80 0
7 6 110 0
8 7 120 0
9 8 130 0
10 12 170 0
11 14 180 0
12 15 190 0
13 18 210 0
14 36 330 6.25
15 59 470 6.25
16 80 590 18.75
0 0 10 0
1 0 20 0
2 1 30 0
3 1 40 0
4 1 50 0
5 3 90 0
6 4 100 0
7 5 110 0
8 6 120 0
9 7 130 0
10 16 210 0
11 17 220 0
12 18 230 0
13 25 280 0
14 28 300 0
15 48 420 6.25
16 69 540 6.25
0 0 10 0
1 0 20 0
2 0 30 0
3 1 50 0
4 2 60 0
5 2 70 0
6 3 80 0
7 4 90 0
8 6 110 0
9 11 160 0
10 17 210 0
11 21 250 0
12 28 300 0
13 35 350 0
14 53 470 6.25
15 85 670 6.25
16 106 790 18.75
